1	3083.63916
1	3106.545898
2	3089.185791
2	3113.37085
3	3091.752686
3	3093.036865
4	3088.309326
4	3089.425049
5	3092.503906
5	3093.284668
6	3085.640869
6	3089.60791
7	3088.544678
7	3090.195313
8	3088.748047
8	3089.807129
9	3031.854492
9	3033.134521
10	3085.254883
10	3085.718506
11	3089.371826
11	3089.432861
12	3061.445313
12	3094.211426
13	3056.104248
13	3089.882813
14	3092.350586
15	3061.544678
16	3065.38208
17	3089.778809
18	3090.646973
19	3087.901611
20	3093.273682
21	3067.222656
22	3078.945068
23	3094.687012
24	3084.87915
25	3065.926514
26	3125.469727
27	3082.616211
28	3088.474365
29	3088.458984
30	3127.78418
31	3086.044189
32	3072.790771
33	3082.495361
34	3090.000244
35	3094.26123
36	3093.022217
37	3120.732422
38	3067.912109
39	3080.602295
40	3091.890625
41	3089.154541
42	3089.375977
43	3093.607422
44	3089.110107
45	3090.05957
46	3089.154297
47	3093.843262
48	3097.724365
49	3065.624268
50	3079.370117
51	3086.387207
52	3094.969238
53	3089.81543
54	3081.679443
55	3123.780762
56	3126.252686
57	3117.456299
58	3089.113281
59	3090.913818
60	3089.746582
61	3090.747803
62	3060.921631
63	3104.508057
64	3091.768066
65	3090.486572
66	3090.418457
67	3090.580322
68	3090.808105
69	3090.167236
70	3093.032715
71	3092.585693
72	3077.000488
73	3092.916016
74	3090.322754
75	3085.027832
76	3093.987549
77	3065.092285
78	3092.733154
79	3089.226318
80	3062.358887
81	3088.771484
82	3088.925537
83	3093.722168
84	3091.070801
85	3067.20166
86	3084.767578
87	3059.880371
88	3092.985596
89	3091.952148
90	3085.678223
91	3089.535156
92	3066.310059
93	3065.56665
94	3109.478271
95	3092.017822
96	3088.736816
97	3085.581299
98	3093.787109
99	3061.170898
100	3081.537598
101	3101.889893
102	3083.854492
103	3095.219727
104	3089.90918
105	3091.041748
106	3087.389648
107	3075.813232
108	3090.905762
109	3084.035645
110	3092.491943
111	3085.57251
112	3051.381592
113	3096.970947
114	3093.245117
115	3090.073486
116	3062.130127
117	3121.872314
118	3093.031494
119	3088.44873
120	3089.964111
121	3091.638184
122	3081.538574
123	3088.696777
124	3094.270996
125	3061.155029
126	3088.738281
127	3101.759277
128	3115.70874
129	3090.677734
130	3092.657227
131	3090.285156
132	3087.638428
133	3084.970703
134	3095.782715
135	3084.977539
136	3087.5625
137	3090.513916
138	3091.172607
139	3083.039307
140	3077.313721
141	3061.184814
142	3096.568848
143	3086.296875
144	3095.299805
145	3078.550049
146	3094.392334
147	3078.682373
148	3090.523926
149	3085.833008
150	3089.7146
151	3121.091064
152	3097.563965
153	3085.326416
154	3097.737061
155	3090.089844
156	3097.491699
157	3084.968994
158	3091.227539
159	3088.109863
160	3095.263916
161	3086.437744
162	3095.154785
163	3080.063721
164	3099.054199
165	3080.024902
166	3078.823486
167	3091.762695
168	3092.688232
169	3089.624023
170	3085.264893
171	3100.914063
172	3088.877441
173	3089.269287
174	3092.61084
175	3094.237793
176	3091.505859
177	3059.179932
178	3086.500732
179	3081.083008
180	3096.884277
181	3087.972168
182	3070.015869
183	3081.099365
184	3061.772461
185	3090.323242
186	3089.582031
187	3094.321045
188	3098.176758
189	3054.816406
190	3089.322998
191	3092.724121
192	3090.974121
193	3084.931641
194	3080.649658
195	3076.178223
196	3090.693115
197	3091.161377
198	3094.786377
199	3082.736572
200	3090.393311
201	3085.158691
202	3060.372314
203	3062.937256
204	3093.10083
205	3089.024658
206	3068.726807
207	3085.030029
208	3090.999756
209	3089.287109
210	3090.363525
211	3088.357422
212	3061.746826
213	3061.807129
214	3089.18457
215	3090.048584
216	3092.740723
217	3110.681152
218	3084.137939
219	3085.845703
220	3088.486572
221	3060.944336
222	3101.241455
223	3084.35376
224	3090.044434
225	3084.904541
226	3094.550781
227	3085.480469
228	3089.366699
229	3060.479004
230	3098.750732
231	3085.623291
232	3087.830566
233	3085.083496
234	3062.986572
235	3116.296875
236	3090.987549
237	3081.919434
238	3094.182617
239	3080.302979
240	3064.651611
241	3070.586182
242	3094.329834
243	3106.797119
244	3095.322998
245	3085.427734
246	3092.463379
247	3089.567627
248	3060.29834
249	3088.969727
250	3088.866699
251	3095.176514
252	3093.115479
253	3088.747314
254	3097.353027
255	3082.414795
256	3093.377197
257	3094.983887
258	3089.270752
259	3089.387207
260	3091.564697
261	3093.058594
262	3087.47998
263	3086.320313
264	3059.021729
265	3092.288818
266	3085.19873
267	3090.12915
268	3088.948486
269	3093.554199
270	3103.498047
271	3077.091797
272	3068.269287
273	3086.489502
274	3081.091309
275	3056.921875
276	3093.338379
277	3069.094727
278	3085.172607
279	3088.659668
280	3062.280029
281	3091.994629
282	3089.937012
283	3076.388916
284	3062.30249
285	3088.976807
286	3060.256104
287	3061.713623
288	3069.675781
289	3074.822998
290	3089.138916
291	3089.364502
292	3061.894531
293	3092.75
294	3091.036133
295	3089.549316
296	3097.606445
297	3080.776123
298	3089.846924
299	3088.812744
300	3061.058838
301	3056.468506
302	3029.486572
303	3089.098877
304	3099.155029
305	3088.743652
306	3055.945801
307	3092.711426
308	3068.978271
309	3080.879639
310	3060.672119
311	3089.452148
312	3089.786865
313	3094.477295
314	3085.306885
315	3082.76709
316	3089.887207
317	3088.942871
318	3086.394287
319	3091.580566
320	3085.327637
321	3096.016113
322	3089.660889
323	3089.463379
324	3095.839111
325	3084.090576
326	3086.957031
327	3089.499756
328	3085.312988
329	3120.018555
330	3098.999023
331	3118.239746
332	3095.193848
333	3085.585693
334	3120.674805
335	3110.155518
336	3117.255859
337	3269.112549
338	3115.952393
339	3086.265137
340	3189.842529
341	3089.405518
342	3127.64209
343	3203.502441
344	3171.106445
345	3168.356445
346	3264.906738
347	3159.134277
348	3146.422119
349	3273.505615
350	3096.199951
351	3170.906006
352	3165.55957
353	3160.509766
354	3266.125
355	3164.515137
356	3161.29834
357	3111.643799
358	3110.014648
359	3158.872803
360	3218.620361
361	3221.829346
362	3120.028809
363	3213.706055
364	3182.07373
365	3162.019531
366	3172.442139
367	3321.686035
368	3263.730469
369	3127.72876
370	3102.134277
371	3188.92334
372	3121.70459
373	3195.355469
374	3124.322998
375	3163.876953
376	3241.209229
377	3112.482666
378	3144.759277
379	3212.205322
380	3157.290527
381	3155.588135
382	3117.846191
383	3298.898682
384	3093.595459
385	3161.567383
386	3167.267334
387	3205.335693
388	3302.403076
389	3182.270996
390	3152.824707
391	3153.057617
392	3216.292969
393	3254.351074
394	3118.826904
395	3186.078613
396	3189.724609
397	3076.458496
398	3207.94458
399	3161.86499
400	3116.597656
401	3173.731689
402	3152.222656
403	3128.728027
404	3170.616699
405	3150.345703
406	3110.254883
407	3250.385742
408	3154.591064
409	3169.200684
410	3136.963623
411	3157.772705
412	3187.076416
413	3173.869873
414	3140.902344
415	3155.30542
416	3196.004395
417	3228.577393
418	3178.447754
419	3172.669678
420	3126.527832
421	3250.501953
422	3238.402832
423	3143.975586
424	3186.951904
425	3185.210449
426	3100.528564
427	3164.6604
428	3168.277588
429	3343.152832
430	3213.902344
431	3138.665527
432	3198.91333
433	3174.929688
434	3135.539307
435	3233.428711
436	3246.917236
437	3177.655518
438	3386.674561
439	3163.211426
440	3122.063721
441	3171.832031
442	3198.343262
443	3246.046143
444	3136.052734
445	3193.227539
446	3177.45752
447	3221.449219
448	3131.330566
449	3136.57666
450	3216.740479
451	3135.195313
452	3219.311768
453	3195.052734
454	3107.599365
455	3160.707031
456	3219.794922
457	3130.237061
458	3190.632568
459	3246.830322
460	3131.448486
461	3121.033691
462	3117.34082
463	3181.226563
464	3242.662598
465	3100.820068
466	3174.826172
467	3258.23291
468	3146.685303
469	3183.505859
470	3219.200684
471	3166.711182
472	3130.741211
473	3223.469482
474	3195.630859
475	3177.97583
476	3099.211182
477	3358.704834
478	3207.716064
479	3115.662109
480	3189.563721
481	3215.518555
482	3189.672119
483	3152.057373
484	3209.351318
485	3244.686035
486	3145.837158
487	3108.073975
488	3208.567627
489	3106.314941
490	3110.250244
491	3206.446045
492	3200.780762
493	3181.971436
494	3195.859619
495	3253.493408
496	3184.3396
497	3141.686279
498	3147.904785
499	3107.380615
500	3156.895996
501	3112.514404
502	3143.115479
503	3147.494873
504	3134.074219
505	3193.460693
506	3294.599609
507	3181.527832
508	3216.093994
509	3237.250244
510	3155.963867
511	3204.009033
512	3165.310059
513	3162.101318
514	3214.638672
515	3218.721436
516	3106.325684
517	3129.856689
518	3102.871338
519	3110.299805
520	3186.374512
521	3140.841309
522	3177.141602
523	3222.578369
524	3195.091797
525	3209.470459
526	3138.770264
527	3232.157715
528	3144.283936
529	3235.91748
530	3274.667969
531	3194.205322
532	3213.70874
533	3097.490234
534	3120.983887
535	3248.513916
536	3186.449463
537	3151.147461
538	3400.41333
539	3223.77832
540	3240.753662
541	3240.302246
542	3214.227783
543	3371.239502
544	3093.963379
545	3184.108887
546	3141.441162
547	3141.077637
548	3208.445801
549	3164.663574
550	3169.154541
551	3202.242676
552	3162.19043
553	3156.483398
554	3133.346924
555	3213.606445
556	3173.293701
557	3221.257813
558	3120.089355
559	3160.574707
560	3364.507568
561	3152.374756
562	3156.297607
563	3128.175781
564	3160.283203
565	3209.787354
566	3130.354736
567	3173.878418
568	3148.671631
569	3221.728516
570	3109.347656
571	3158.684326
572	3193.071289
573	3237.560547
574	3171.286865
575	3083.17334
576	3161.696045
577	3127.312012
578	3194.159668
579	3080.760742
580	3181.299561
581	3221.652344
582	3213.97998
583	3214.925781
584	3254.910889
585	3165.698486
586	3113.026611
587	3158.131836
588	3102.744141
589	3132.243408
590	3169.094482
591	3137.613525
592	3144.733887
593	3110.681641
594	3151.000977
595	3174.330811
596	3125.875732
597	3140.129883
598	3276.739746
599	3149.839355
600	3210.554688
601	3183.164795
602	3153.530273
603	3181.218506
604	3154.056885
605	3214.150635
606	3287.984131
607	3079.96875
608	3128.633301
609	3211.527832
610	3212.743896
611	3240.465332
612	3184.144287
613	3225.050781
614	3139.941895
615	3223.97998
616	3127.75293
617	3149.511719
618	3218.982178
619	3137.985352
620	3149.22583
621	3106.42749
622	3203.367676
623	3118.470215
624	3118.768311
625	3274.065918
626	3146.151611
627	3171.079346
628	3226.427002
629	3225.408203
630	3181.93042
631	3212.261719
632	3146.103271
633	3132.697266
634	3154.016357
635	3258.234131
636	3147.970215
637	3146.524902
638	3183.108643
639	3147.964355
640	3165.508057
641	3191.862305
642	3219.807617
643	3129.885498
644	3383.02124
645	3158.191406
646	3169.239502
647	3198.638184
648	3098.771729
649	3227.473145
650	3262.147461
651	3207.916992
652	3192.68042
653	3155.669678
654	3152.247314
655	3187.638184
656	3164.734131
657	3149.315918
658	3155.961426
659	3140.968018
660	3188.563721
661	3190.081787
662	3168.871826
663	3258.521484
664	3180.911133
665	3143.638672
666	3127.4104
667	3136.189941
668	3161.509277
669	3174.571289
670	3193.767334
671	3166.141357
672	3187.082764
673	3133.937256
674	3144.533936
675	3233.728516
676	3283.864746
677	3156.193359
678	3150.078369
679	3278.898926
680	3200.769043
681	3113.458496
682	3160.399658
683	3152.211426
684	3329.148438
685	3182.152588
686	3165.164551
687	3216.686523
688	3161.775391
689	3176.286377
690	3168.910156
691	3158.566406
692	3164.886719
693	3344.863037
694	3148.913574
695	3162.117188
696	3166.227051
697	3111.420654
698	3180.300049
699	3149.454346
700	3138.672119
701	3176.415771
702	3178.297119
703	3131.968994
704	3174.840088
705	3309.999023
706	3107.55542
707	3220.167236
708	3118.385742
709	3227.055176
710	3170.565186
711	3184.856934
712	3209.702881
713	3196.218994
714	3152.462646
715	3181.937012
716	3110.764404
717	3272.72583
718	3282.637939
719	3128.16333
720	3182.641602
721	3146.60498
722	3142.419678
723	3117.649414
724	3118.2771
725	3202.280518
726	3195.686279
727	3148.260742
728	3116.760498
729	3273.322998
730	3269.668457
731	3133.676025
732	3180.933838
733	3324.557617
734	3173.300781
735	3145.832031
736	3110.835449
737	3165.751465
738	3248.212891
739	3184.56543
740	3161.47876
741	3298.968262
742	3275.199951
743	3213.799316
744	3224.282959
745	3224.0979
746	3200.516846
747	3178.887939
748	3140.458496
749	3223.894043
750	3167.15625
751	3166.739258
752	3135.469482
753	3193.001953
754	3375.442871
755	3093.387207
756	3139.962891
757	3126.957764
758	3223.532959
759	3167.85498
760	3199.885254
761	3198.65332
762	3141.665283
763	3412.469482
764	3192.631348
765	3154.387939
766	3138.983643
767	3198.095215
768	3216.92041
769	3126.815674
770	3223.304199
771	3110.5979
772	3213.094238
773	3232.879883
774	3185.48291
775	3149.366943
776	3206.295166
777	3178.240723
778	3139.088623
779	3103.06665
780	3167.064209
781	3222.651123
782	3249.370117
783	3150.707275
784	3174.903076
785	3139.582031
786	3150.624023
787	3173.562988
788	3212.224609
789	3132.157959
790	3124.916748
791	3168.053711
792	3142.52124
793	3156.77002
794	3203.04541
795	3139.206055
796	3185.545166
797	3228.577881
798	3169.086182
799	3154.872314
800	3261.79541
801	3246.30542
802	3205.327881
803	3317.381348
804	3254.431396
805	3212.564941
806	3284.162354
807	3144.445313
808	3149.455322
809	3145.880371
810	3146.986816
811	3120.288086
812	3123.005127
813	3166.847656
814	3186.763916
815	3196.421387
816	3167.054932
817	3192.221191
818	3173.060791
819	3118.296143
820	3167.197754
821	3120.589844
822	3254.570313
823	3194.452148
824	3160.585938
825	3169.385254
826	3307.637207
827	3192.718018
828	3124.210938
829	3143.89209
830	3182.431152
831	3297.806885
832	3207.455811
833	3178.108887
834	3233.176758
835	3122.386719
836	3130.766113
837	3151.572021
838	3154.851563
839	3187.648438
840	3216.407471
841	3224.519531
842	3244.528809
843	3426.572266
844	3129.762695
845	3255.519287
846	3212.589355
847	3121.05127
848	3133.725342
849	3156.880371
850	3295.237793
851	3099.500244
852	3411.507324
853	3182.143066
854	3224.28418
855	3170.329346
856	3166.97876
857	3225.361816
858	3131.826416
859	3259.556885
860	3163.799316
861	3107.800537
862	3216.019775
863	3234.848145
864	3110.881592
865	3161.62915
866	3144.52124
867	3149.719482
868	3203.028809
869	3140.686523
870	3187.255127
871	3247.132568
872	3182.526611
873	3237.329346
874	3133.954102
875	3219.94751
876	3176.978027
877	3165.63501
878	3248.602783
879	3185.375244
880	3149.244629
881	3151.015137
882	3212.522705
883	3193.505615
884	3155.368164
885	3157.058105
886	3150.778809
887	3158.025146
888	3149.054443
889	3184.694092
890	3210.724609
891	3188.580078
892	3245.482422
893	3155.034912
894	3102.687012
895	3197.153076
896	3149.969971
897	3106.506348
898	3149.230469
899	3176.567871
900	3153.349854
901	3133.530762
902	3125.665527
903	3131.758789
904	3186.944092
905	3178.438721
906	3174.181396
907	3164.949707
908	3153.736084
909	3127.461914
910	3146.71167
911	3226.866455
912	3166.121338
913	3219.287598
914	3262.380615
915	3168.515869
916	3142.16333
917	3211.174072
918	3164.08667
919	3132.315918
920	3164.161377
921	3148.098633
922	3127.125488
923	3151.068115
924	3169.998291
925	3349.510254
926	3203.828369
927	3118.668213
928	3116.123779
929	3217.460449
930	3227.924805
931	3093.068359
932	3155.241455
933	3180.340088
934	3210.199707
935	3123.995117
936	3179.366455
937	3184.415527
938	3113.721436
939	3185.249268
940	3184.100098
941	3147.628418
942	3221.709229
943	3122.636963
944	3150.922607
945	3123.987061
946	3148.04248
947	3123.60083
948	3233.906738
949	3152.602783
950	3104.530518
951	3125.986328
952	3145.854492
953	3150.387451
954	3232.542725
955	3155.033691
956	3148.744385
957	3148.275391
958	3118.91748
959	3126.998047
960	3114.786865
961	3164.859863
962	3149.245117
963	3131.810791
964	3136.565674
965	3150.549805
966	3132.313721
967	3192.391602
968	3226.96875
969	3180.518799
970	3110.391113
971	3156.669678
972	3093.718262
973	3126.952637
974	3235.406982
975	3120.633545
976	3125.027588
977	3144.967041
978	3196.388184
979	3078.605957
980	3178.959717
981	3150.153809
982	3139.217773
983	3094.406738
984	3142.767822
985	3163.230713
986	3219.418213
987	3121.470459
988	3228.908691
989	3172.596436
990	3148.643311
991	3155.800049
992	3097.287598
993	3152.185547
994	3186.813232
995	3084.877197
996	3145.110596
997	3080.88623
998	3112.662842
999	3164.983154
1000	3153.398438
1001	3149.708984
1002	3163.458252
1003	3148.036133
1004	3142.722168
1005	3221.818604
1006	3147.615479
1007	3107.970215
1008	3313.698975
1009	3151.479004
1010	3148.982178
1011	3188.246094
1012	3145.108398
1013	3292.319092
1014	3147.189941
1015	3159.735107
1016	3199
1017	3154.138428
1018	3121.781006
1019	3170.285645
1020	3122.713867
1021	3249.874756
1022	3156.603516
1023	3137.288818
1024	3195.80542
1025	3128.027832
1026	3148.545166
1027	3184.65625
1028	3188.790527
1029	3192.516357
1030	3121.860596
1031	3145.703369
1032	3158.333252
1033	3168.362061
1034	3152.394775
1035	3138.618896
1036	3137.662354
1037	3133.195313
1038	3146.585205
1039	3093.894287
1040	3140.127686
1041	3141.337402
1042	3165.669922
1043	3160.360596
1044	3118.392578
1045	3091.768066
1046	3153.110107
1047	3104.472656
1048	3110.038818
1049	3089.489746
1050	3092.20752
1051	3112.597168
1052	3087.366211
1053	3091.084717
1054	3092.057373
1055	3089.770752
1056	3080.688232
1057	3092.827881
1058	3091.609863
1059	3090.044678
1060	3121.302979
1061	3090.35376
1062	3110.079102
1063	3057.613525
1064	3091.066162
1065	3087.49585
1066	3126.422607
1067	3113.619629
1068	3120.198242
1069	3114.047852
1070	3121.880371
1071	3042.212402
1072	3103.403564
1073	3093.390381
1074	3094.53833
1075	3079.944824
1076	3096.463379
1077	3082.533447
1078	3092.473633
1079	3088.351807
1080	3123.81958
1081	3034.318115
1082	3113.858154
1083	3121.934326
1084	3165.028809
1085	3207.611084
1086	3163.543701
1087	3156.73877
1088	3147.675537
1089	3194.387939
1090	3125.015625
1091	3219.093018
1092	3145.505615
1093	3171.258789
1094	3216.726807
1095	3148.124023
1096	3172.259277
1097	3217.777344
1098	3175.870117
1099	3198.566406
1100	3406.98999
1101	3105.485352
1102	3219.966797
1103	3215.801514
1104	3176.191162
1105	3122.157959
1106	3255.049072
1107	3174.42334
1108	3223.221191
1109	3330.371826
1110	3220.866455
1111	3213.338623
1112	3209.270752
1113	3194.128662
1114	3212.206787
1115	3285.053467
1116	3144.416748
1117	3169.557617
1118	3157.227051
1119	3279.561035
1120	3208.973633
1121	3151.881348
1122	3210.268799
1123	3215.771484
1124	3173.942383
1125	3173.67627
1126	3171.158203
1127	3132.883545
1128	3153.905273
1129	3137.591064
1130	3127.530762
1131	3204.174805
1132	3169.867432
1133	3155.655762
1134	3197.114746
1135	3123.953613
1136	3173.158203
1137	3128.639648
1138	3153.762451
1139	3110.302734
1140	3137.965088
1141	3157.406006
1142	3223.870605
1143	3157.556641
1144	3178.238281
1145	3214.787109
1146	3115.378906
1147	3202.665039
1148	3278.358398
1149	3121.223145
1150	3183.018799
1151	3116.774902
1152	3195.242676
1153	3186.128906
1154	3224.397705
1155	3230.89917
1156	3226.547852
1157	3196.530762
1158	3165.718994
1159	3154.671143
1160	3212.648682
1161	3192.224121
1162	3159.805176
1163	3264.7229
1164	3178.990234
1165	3149.759277
1166	3169.975342
1167	3132.155518
1168	3231.861084
1169	3232.666504
1170	3200.1604
1171	3144.012695
1172	3216.321045
1173	3225.001465
1174	3113.967041
1175	3198.071777
1176	3269.848145
1177	3162.30127
1178	3155.695557
1179	3237.658936
1180	3184.070801
1181	3165.827637
1182	3162.412109
1183	3186.32959
1184	3246.955811
1185	3267.143311
1186	3165.575195
1187	3195.089844
1188	3131.787354
1189	3193.329102
1190	3128.585205
1191	3170.54834
1192	3132.075928
1193	3137.656982
1194	3252.945557
1195	3176.269775
1196	3275.447266
1197	3177.74585
1198	3333.956543
1199	3165.993896
1200	3140.386719
1201	3136.467041
1202	3200.15332
1203	3157.668213
1204	3148.307617
1205	3203.723633
1206	3160.59082
1207	3218.463379
1208	3255.734863
1209	3148.187988
1210	3186.467529
1211	3143.010986
1212	3118.648193
1213	3345.011475
1214	3200.817871
1215	3200.155518
1216	3152.161621
1217	3216.479004
1218	3287.643555
1219	3209.908936
1220	3247.489746
1221	3167.605713
1222	3151.888916
1223	3240.57251
1224	3125.53833
1225	3143.762207
1226	3192.692139
1227	3179.859131
1228	3192.556396
1229	3243.147705
1230	3202.452881
1231	3165.94873
1232	3099.759033
1233	3137.436523
1234	3134.436768
1235	3203.788086
1236	3284.91626
1237	3142.948242
1238	3121.987793
1239	3179.193115
1240	3193.038086
1241	3296.695068
1242	3181.018066
1243	3154.148193
1244	3152.534668
1245	3215.143066
1246	3185.065674
1247	3111.152588
1248	3157.83252
1249	3156.906982
1250	3326.297119
1251	3188.759766
1252	3224.55249
1253	3167.644531
1254	3184.892822
1255	3243.377197
1256	3162.021729
1257	3215.601807
1258	3143.807129
1259	3164.764648
1260	3158.466797
1261	3210.6521
1262	3156.145264
1263	3157.363525
1264	3225.898682
1265	3311.453857
1266	3211.276367
1267	3213.375488
1268	3173.239014
1269	3155.014648
1270	3288.269775
1271	3182.647705
1272	3251.207275
1273	3176.783203
1274	3140.520752
1275	3278.944824
1276	3201.453857
1277	3218.156006
1278	3192.349854
1279	3233.125244
1280	3148.490479
1281	3206.363525
1282	3210.332764
1283	3148.793457
1284	3185.660645
1285	3164.882568
1286	3254.432373
1287	3197.386963
1288	3205.036865
1289	3176.942383
1290	3196.706299
1291	3234.269287
1292	3192.742676
1293	3136.14917
1294	3171.707031
1295	3265.342041
1296	3291.907227
1297	3160.471191
1298	3200.6604
1299	3119.015625
1300	3109.355957
1301	3224.388184
1302	3137.476807
1303	3142.29248
1304	3175.340576
1305	3219.856689
1306	3239.387939
1307	3268.211182
1308	3198.961914
1309	3183.541992
1310	3158.376465
1311	3221.491455
1312	3145.905029
1313	3192.991699
1314	3203.674805
1315	3300.362793
1316	3230.900391
1317	3160.997314
1318	3160.610352
1319	3148.576416
1320	3165.017822
1321	3190.500488
1322	3149.436279
1323	3361.029541
1324	3135.222168
1325	3201.532959
1326	3163.50293
1327	3200.483154
1328	3209.367188
1329	3335.613281
1330	3111.895508
1331	3155.904541
1332	3179.231934
1333	3149.299316
1334	3147.556396
1335	3201.775146
1336	3148.866943
1337	3278.018311
1338	3215.907959
1339	3228.971436
1340	3183.347168
1341	3151.057373
1342	3360.553711
1343	3132.152588
1344	3149.23877
1345	3260.18457
1346	3184.20459
1347	3128.146973
1348	3209.387939
1349	3144.045654
1350	3124.185059
1351	3204.006104
1352	3218.865967
1353	3189.843994
1354	3171.367188
1355	3351.687988
1356	3207.875244
1357	3196.759766
1358	3171.125
1359	3160.651855
1360	3188.097656
1361	3279.775879
1362	3149.766846
1363	3151.84082
1364	3096.648926
1365	3158.244629
1366	3169.981445
1367	3149.780518
1368	3115.26123
1369	3247.239014
1370	3168.517822
1371	3123.635986
1372	3199.734131
1373	3174.647217
1374	3153.16333
1375	3141.958008
1376	3113.55835
1377	3153.318359
1378	3262.002686
1379	3096.605713
1380	3191.462158
1381	3149.110596
1382	3221.928223
1383	3312.034912
1384	3226.126953
1385	3176.130127
1386	3145.750488
1387	3222.822021
1388	3116.13501
1389	3123.838379
1390	3209.745605
1391	3126.270508
1392	3149.910156
1393	3168.811523
1394	3116.820313
1395	3135.130127
1396	3204.13623
1397	3233.367432
1398	3274.500488
1399	3130.705566
1400	3295.7854
1401	3252.523438
1402	3121.327637
1403	3188.966309
1404	3288.572998
1405	3178.783203
1406	3215.957031
1407	3097.786133
1408	3195.185791
1409	3119.565918
1410	3293.341064
1411	3158.927002
1412	3133.446045
1413	3117.388916
1414	3178.79248
1415	3318.64209
1416	3161.049805
1417	3164.828369
1418	3293.366943
1419	3166.579346
1420	3155.4375
1421	3172.780029
1422	3137.730469
1423	3146.9375
1424	3153.121826
1425	3174.646484
1426	3163.099121
1427	3188.901367
1428	3190.77002
1429	3213.358398
1430	3200.33667
1431	3530.197266
1432	3116.4021
1433	3140.326172
1434	3208.904785
1435	3136.445801
1436	3193.322021
1437	3338.00708
1438	3161.870605
1439	3137.830811
1440	3227.174561
1441	3156.432129
1442	3154.265869
1443	3149.615479
1444	3261.432129
1445	3213.55249
1446	3179.902588
1447	3247.484619
1448	3185.907471
1449	3125.424805
1450	3196.906738
1451	3190.180664
1452	3207.250488
1453	3222.210449
1454	3239.83374
1455	3188.546143
1456	3193.109863
1457	3173.091553
1458	3141.196289
1459	3110.406494
1460	3208.596924
1461	3269.418701
1462	3234.096436
1463	3174.263184
1464	3151.953125
1465	3181.738037
1466	3251.699219
1467	3174.109619
1468	3248.012207
1469	3190.093262
1470	3209.27124
1471	3118.838135
1472	3217.000732
1473	3254.865234
1474	3137.60791
1475	3150.680664
1476	3146.194824
1477	3211.981689
1478	3196.357178
1479	3129.893799
1480	3165.095459
1481	3131.959229
1482	3130.337158
1483	3109.070313
1484	3090.779541
1485	3091.473145
1486	3089.881104
1487	3096.425537
1488	3080.566406
1489	3085.550537
1490	3085.366943
1491	3090.774658
1492	3057.474121
1493	3091.621826
1494	3091.338623
1495	3087.356445
1496	3088.678711
1497	3060.431152
1498	3086.881348
1499	3085.238037
1500	3088.695801
1501	3088.648926
1502	3092.764404
1503	3093.796631
1504	3062.847412
1505	3089.233643
1506	3085.466797
1507	3089.224854
1508	3089.42041
1509	3098.651611
1510	3086.689697
1511	3092.245361
1512	3085.486816
1513	3061.177734
1514	3092.181152
1515	3089.113525
1516	3094.446289
1517	3091.872559
1518	3093.192139
1519	3088.371094
1520	3088.416016
1521	3063.4375
1522	3090.043457
1523	3092.931152
1524	3092.890381
1525	3089.627686
1526	3093.112549
1527	3091.833008
1528	3092.709961
1529	3088.519531
1530	3090.288574
1531	3090.512695
1532	3089.076904
1533	3093.609863
1534	3092.686279
1535	3088.868408
1536	3057.181396
1537	3080.977539
1538	3092.330322
1539	3093.451904
1540	3030.834961
1541	3093.114746
1542	3088.065918
1543	3096.886963
1544	3093.798096
1545	3086.772705
1546	3089.380859
1547	3091.088623
1548	3088.743164
1549	3092.06958
1550	3089.158936
1551	3089.382324
1552	3090.276367
1553	3021.884277
1554	3077.642822
1555	3089.731934
1556	3097.029541
1557	3090.368652
1558	3086.529297
1559	3093.898926
1560	3090.375732
1561	3061.186768
1562	3091.111328
1563	3090.208496
1564	3089.515381
1565	3090.027832
1566	3096.587158
1567	3080.945313
1568	3089.159668
1569	3088.884277
1570	3089.868164
1571	3079.020508
1572	3089.429443
1573	3089.669189
1574	3098.609619
1575	3084.811523
1576	3058.540771
1577	3088.993896
1578	3097.53125
1579	3088.916016
1580	3062.644287
1581	3089.285889
1582	3089.692871
1583	3093.794922
1584	3088.574951
1585	3091.345215
1586	3061.459961
1587	3095.387695
1588	3081.289063
1589	3091.406494
1590	3093.849854
1591	3088.640869
1592	3094.601563
1593	3097.766602
1594	3081.674805
1595	3088.689209
1596	3092.508301
1597	3088.778564
1598	3095.310547
1599	3088.76123
1600	3096.505127
1601	3085.40918
1602	3089.023926
1603	3089.417725
1604	3064.092773
1605	3085.899414
1606	3069.258057
1607	3085.059082
1608	3085.123535
1609	3084.155762
1610	3093.94873
1611	3098.5896
1612	3084.546875
1613	3089.103516
1614	3090.578613
1615	3094.669189
1616	3054.805664
1617	3087.982666
1618	3093.832275
1619	3090.166748
1620	3094.58374
1621	3094.266113
1622	3084.859619
1623	3097.273438
1624	3089.59375
1625	3089.327637
1626	3093.354736
1627	3097.315674
1628	3072.519043
1629	3085.626221
1630	3084.585205
1631	3097.078369
1632	3088.80957
1633	3093.169189
1634	3089.401123
1635	3094.526855
1636	3088.533203
1637	3092.020264
1638	3061.081299
1639	3088.566162
1640	3060.690186
1641	3091.111572
1642	3090.435303
1643	3090.276611
1644	3088.594482
1645	3096.973389
1646	3081.888672
1647	3091.5625
1648	3090.484131
1649	3089.28833
1650	3094.665039
1651	3089.779053
1652	3090.123291
1653	3091.58667
1654	3090.0896
1655	3060.29541
1656	3092.635254
1657	3092.401611
1658	3061.496826
1659	3088.780029
1660	3060.486328
1661	3065.029785
1662	3089.022949
1663	3090.013672
1664	3088.405273
1665	3093.698975
1666	3084.171143
1667	3061.876221
1668	3091.223389
1669	3089.545898
1670	3089.166992
1671	3093.413086
1672	3066.10376
1673	3088.577393
1674	3087.450928
1675	3088.484619
1676	3093.09668
1677	3091.89502
1678	3088.638672
1679	3088.887451
1680	3089.94873
1681	3094.716553
1682	3093.854004
1683	3052.94751
1684	3093.112549
1685	3089.030029
1686	3089.467285
1687	3093.716064
1688	3093.727051
1689	3090.504883
1690	3093.355957
1691	3093.172119
1692	3097.507813
1693	3080.667725
1694	3095.098877
1695	3085.773438
1696	3092.93457
1697	3096.635254
1698	3087.299561
1699	3089.162842
1700	3093.587891
1701	3089.31543
1702	3091.568115
1703	3088.78125
1704	3069.579102
1705	3076.361084
1706	3061.655273
1707	3093.674072
1708	3088.754883
1709	3061.510254
1710	3095.159424
1711	3084.988281
1712	3096.259277
1713	3088.147217
1714	3093.92627
1715	3086.047363
1716	3089.028809
1717	3068.063232
1718	3060.07666
1719	3075.135254
1720	3097.484375
1721	3058.547363
1722	3089.18042
1723	3090.385498
1724	3089.276367
1725	3065.590332
1726	3087.219971
1727	3089.98291
1728	3093
1729	3088.928223
1730	3059.362305
1731	3091.680176
1732	3089.407959
1733	3089.815186
1734	3091.758545
1735	3093.06543
1736	3096.053955
1737	3084.882813
1738	3091.594727
1739	3093.270508
1740	3088.388916
1741	3093.425781
1742	3089.793213
1743	3091.847412
1744	3086.283936
1745	3088.889893
1746	3091.889404
1747	3089.937988
1748	3092.493896
1749	3093.257568
1750	3086.936279
1751	3045.980469
1752	3072.761719
1753	3074.191406
1754	3089.504395
1755	3089.286621
1756	3087.314941
1757	3061.074219
1758	3089.986816
1759	3094.862793
1760	3085.907471
1761	3057.461182
1762	3092.343018
1763	3089.982666
1764	3061.070801
1765	3087.251465
1766	3089.771484
1767	3088.859131
1768	3065.380859
1769	3087.450684
1770	3093.446289
1771	3086.697021
1772	3088.538086
1773	3094.44751
1774	3085.064453
1775	3089.449951
1776	3094.21875
1777	3088.553955
1778	3093.761475
1779	3096.793701
1780	3084.775879
1781	3084.175049
1782	3059.415771
1783	3061.414551
1784	3060.307373
1785	3061.563477
1786	3092.098389
1787	3088.849121
1788	3094.12207
1789	3070.869873
1790	3080.386475
1791	3061.95752
1792	3090.88623
1793	3090.570557
1794	3089.065186
1795	3094.736572
1796	3089.573975
1797	3086.121094
1798	3064.69165
1799	3099.393066
1800	3082.161621
1801	3089.108643
1802	3092.672363
1803	3094.719971
1804	3089.104492
1805	3029.327637
1806	3061.835693
1807	3088.619385
1808	3084.306152
1809	3092.180176
1810	3088.483154
1811	3093.024414
1812	3057.55957
1813	3088.742676
1814	3092.719727
1815	3090.79834
1816	3089.489502
1817	3093.57251
1818	3052.77832
1819	3087.807373
1820	3089.364746
1821	3092.298584
1822	3061.600586
1823	3098.823486
1824	3085.310791
1825	3089.461182
1826	3091.822754
1827	3084.45874
1828	3093.676758
1829	3088.629395
1830	3064.372314
1831	3087.731445
1832	3097.279541
1833	3064.336426
1834	3047.288086
1835	3091.259521
1836	3081.979248
1837	3088.739746
1838	3060.544678
1839	3061.813721
1840	3088.763672
1841	3092.92749
1842	3093.292969
1843	3090.267822
1844	3093.372314
1845	3089.224854
1846	3089.692139
1847	3089.62085
1848	3097.06958
1849	3089.119141
1850	3092.438232
1851	3088.526855
1852	3054.0896
1853	3093.847656
1854	3057.883789
1855	3094.566406
1856	3076.762695
1857	3065.089844
1858	3086.654541
1859	3091.965332
1860	3087.253662
1861	3088.244629
1862	3063.266357
1863	3089.617432
1864	3089.947754
1865	3082.85083
1866	3089.317139
1867	3093.024414
1868	3085.377686
1869	3096.317139
1870	3084.606201
1871	3057.485352
1872	3093.379395
1873	3093.959473
1874	3091.297119
1875	3057.294922
1876	3092.009033
1877	3092.377441
1878	3089.022461
1879	3061.283691
1880	3088.133057
1881	3062.09668
1882	3092.844238
1883	3088.691406
1884	3093.761475
1885	3053.649414
1886	3089.783691
1887	3088.704102
1888	3091.80127
1889	3091.386475
1890	3084.825195
1891	3065.928467
1892	3056.14624
1893	3060.492188
1894	3060.868652
1895	3061.758301
1896	3088.966064
1897	3060.768555
1898	3061.278564
1899	3088.361816
1900	3090.319336
1901	3088.322021
1902	3060.591553
1903	3060.453857
1904	3064.733643
1905	3088.996826
1906	3060.973145
1907	3091.042969
1908	3088.586426
1909	3061.090576
1910	3064.460693
1911	3088.364502
1912	3060.60498
1913	3059.980713
1914	3060.67041
1915	3062.034912
1916	3078.358643
1917	3089.214844
1918	3094.834229
1919	3091.574219
1920	3088.385742
1921	3093.494141
1922	3092.347412
1923	3089.167725
1924	3089.340088
1925	3094.94165
1926	3089.69458
1927	3091.864502
1928	3094.236084
1929	3093.154541
1930	3093.629883
1931	3088.623047
1932	3088.835205
1933	3093.422363
1934	3076.237793
1935	3101.374268
1936	3096.634521
1937	3092.579102
1938	3089.901855
1939	3154.737549
1940	3083.726074
1941	3121.275879
1942	3090.217285
1943	3095.07666
1944	3117.632568
1945	3125.820801
1946	3085.643799
1947	3100.936768
1948	3115.277588
1949	3117.769531
1950	3111.945068
1951	3144.191895
1952	3155.475098
1953	3090.478027
1954	3096.554443
1955	3085.588623
1956	3095.284912
1957	3072.874023
1958	3184.465332
1959	3188.562744
1960	3157.515869
1961	3126.705811
1962	3203.260254
1963	3139.13916
1964	3147.858398
1965	3087.34668
1966	3136.885254
1967	3142.969238
1968	3089.911621
1969	3121.10083
1970	3128.333496
1971	3186.457275
1972	3146.354248
1973	3159.232178
1974	3120.462402
1975	3152.322021
1976	3187.624512
1977	3091.396729
1978	3124.322021
1979	3207.778076
1980	3154.98999
1981	3233.348877
1982	3145.901855
1983	3154.64917
1984	3142.686035
1985	3128.659668
1986	3143.482422
1987	3108.63208
1988	3215.701416
1989	3233.659912
1990	3169.034912
1991	3245.913818
1992	3118.737061
1993	3171.655762
1994	3215.727051
1995	3168.175537
1996	3096.710205
1997	3141.023438
1998	3145.287598
1999	3251.594238
2000	3149.662109
2001	3160.891113
2002	3230.699463
2003	3176.605469
2004	3169.481934
2005	3116.855469
2006	3214.155273
2007	3121.771484
2008	3128.500977
2009	3148.445557
2010	3184.753418
2011	3132.689697
2012	3194.204102
2013	3164.5625
2014	3205.84668
2015	3254.15918
2016	3254.91626
2017	3333.196533
2018	3198.034668
2019	3391.127441
2020	3407.802979
2021	3187.720947
2022	3267.776611
2023	3252.381836
2024	3199.734375
2025	3213.399414
2026	3272.381348
2027	3365.170654
2028	3190.224365
2029	3257.296143
2030	3342.386963
2031	3280.817383
2032	3374.65332
2033	3186.650635
2034	3232.919434
2035	3321.344727
2036	3178.897705
2037	3267.538086
2038	3263.912598
2039	3313.093262
2040	3237.08667
2041	3235.966064
2042	3216.952148
2043	3193.695068
2044	3286.633789
2045	3154.962891
2046	3173.492188
2047	3180.903076
2048	3153.185059
2049	3143.208984
2050	3248.325439
2051	3156.881836
2052	3219.531982
2053	3246.432617
2054	3321.689453
2055	3115.52832
2056	3311.353027
2057	3152.297852
2058	3179.216553
2059	3241.857178
2060	3188.401855
2061	3181.532715
2062	3183.988037
2063	3246.513672
2064	3196.805664
2065	3201.936523
2066	3217.18335
2067	3167.566162
2068	3170.351074
2069	3252.879883
2070	3192.97876
2071	3214.081543
2072	3182.919434
2073	3166.647461
2074	3207.542236
2075	3264.18042
2076	3279.147461
2077	3117.441895
2078	3133.262939
2079	3256.903076
2080	3233.381836
2081	3171.990234
2082	3129.57251
2083	3211.616211
2084	3089.298096
2085	3188.720947
2086	3156.342041
2087	3216.717041
2088	3209.428711
2089	3193.850098
2090	3163.883301
2091	3209.005371
2092	3227.400879
2093	3170.036865
2094	3282.607178
2095	3299.959473
2096	3220.298584
2097	3226.666016
2098	3370.748047
2099	3344.239746
2100	3190.618896
2101	3241.300537
2102	3254.308838
2103	3147.020752
2104	3150.807129
2105	3117.840088
2106	3160.056396
2107	3166.067627
2108	3153.05249
2109	3122.333008
2110	3090.224121
2111	3115.111572
2112	3085.397217
2113	3085.930176
2114	3091.221436
2115	3092.722168
2116	3085.382813
2117	3096.616455
2118	3082.333252
2119	3088.506592
2120	3098.290527
2121	3086.782227
2122	3092.307861
2123	3088.950195
2124	3062.984863
2125	3089.404785
2126	3090.743896
2127	3093.421631
2128	3085.208496
2129	3090.779541
2130	3088.692871
2131	3063.370117
2132	3090.215088
2133	3060.127441
2134	3086.506104
2135	3060.001953
2136	3081.90625
2137	3089.665283
2138	3092.494873
2139	3090.211426
2140	3059.491943
2141	3090.016357
2142	3090.423828
2143	3088.020508
2144	3089.509766
2145	3062.273193
2146	3092.541992
2147	3080.07959
2148	3065.887695
2149	3086.773926
2150	3092.502441
2151	3089.043945
2152	3089.545898
2153	3093.927002
2154	3089.674561
2155	3090.985596
2156	3091.237305
2157	3064.122803
2158	3080.863037
2159	3076.654297
2160	3084.439209
2161	3088.012695
2162	3095.485107
2163	3087.493652
2164	3086.484619
2165	3089.169434
2166	3056.824707
2167	3080.136475
2168	3069.024414
2169	3081.284912
2170	3093.688965
2171	3094.023926
2172	3085.811279
2173	3154.792236
2174	3154.562988
2175	3116.406006
2176	3220.124756
2177	3110.800537
2178	3082.987549
2179	3207.338623
2180	3235.906494
2181	3264.954346
2182	3174.857666
2183	3187.086182
2184	3234.810303
2185	3203.558594
2186	3263.144287
2187	3146.835205
2188	3162.967285
2189	3243.484863
2190	3213.373047
2191	3149.415283
2192	3205.294678
2193	3265.541504
2194	3265.797119
2195	3144.532227
2196	3161.125
2197	3210.557373
2198	3160.824463
2199	3112.044678
2200	3273.049316
2201	3196.005859
2202	3147.805664
2203	3228.908203
2204	3145.949463
2205	3174.178711
2206	3124.598633
2207	3174.29126
2208	3183.695801
2209	3110.14917
2210	3159.675537
2211	3179.234863
2212	3188.830811
2213	3216.564941
2214	3195.849854
2215	3128.931396
2216	3157.224854
2217	3180.453857
2218	3287.022461
2219	3189.496094
2220	3130.879395
2221	3194.125732
2222	3176.717529
2223	3108.769043
2224	3117.463379
2225	3093.5271
2226	3109.166504
2227	3114.664307
2228	3127.07959
2229	3119.923828
2230	3188.686035
2231	3155.535156
2232	3105.111816
2233	3097.652832
2234	3144.983154
2235	3161.321777
2236	3147.254883
2237	3167.804199
2238	3133.542236
2239	3130.231201
2240	3179.379639
2241	3119.599609
2242	3107.471924
2243	3148.772461
2244	3112.893066
2245	3114.239014
2246	3070.988037
2247	3117.608887
2248	3125.900391
2249	3114.5271
2250	3121.053467
2251	3128.766113
2252	3127.091553
2253	3124.986816
2254	3176.51001
2255	3123.077148
2256	3088.972168
2257	3246.970703
2258	3178.397217
2259	3115.968506
2260	3153.403809
2261	3157.845459
2262	3154.038086
2263	3121.702881
2264	3124.364014
2265	3120.999756
2266	3100.952637
2267	3120.627441
2268	3091.827148
2269	3152.314697
2270	3124.492676
2271	3148.345215
2272	3168.842773
2273	3156.862061
2274	3123.701416
2275	3137.358154
2276	3174.310059
2277	3119.9729
2278	3152.78125
2279	3119.022461
2280	3089.844971
2281	3101.39624
2282	3195.178467
2283	3115.462402
2284	3124.747559
2285	3143.312012
2286	3126.79541
2287	3125.39502
2288	3118.643555
2289	3125.848389
2290	3152.934814
2291	3113.158691
2292	3245.15332
2293	3130.659912
2294	3128.087158
2295	3152.139404
2296	3166.355713
2297	3126.220947
2298	3106.833252
2299	3156.151611
2300	3209.99585
2301	3116.97583
2302	3086.055908
2303	3106.371338
2304	3146.260498
2305	3239.667969
2306	3123.085205
2307	3113.196777
2308	3189.736816
2309	3128.976074
2310	3172.865967
2311	3130.959473
2312	3173.073975
2313	3095.660645
2314	3146.943848
2315	3227.392578
2316	3124.997314
2317	3127.713135
2318	3152.581055
2319	3160.803223
2320	3110.941406
2321	3157.937256
2322	3279.42749
2323	3116.350342
2324	3120.596436
2325	3089.995361
2326	3122.043213
2327	3119.999023
2328	3107.349365
2329	3106.970459
2330	3103.953857
2331	3156.209717
2332	3164.489502
2333	3104.699707
2334	3118.011719
2335	3085.092285
2336	3120.132813
2337	3125.980713
2338	3112.13916
2339	3132.938965
2340	3094.200195
2341	3120.778564
2342	3150.963623
2343	3122.174072
2344	3133.63623
2345	3124.581787
2346	3094.782227
2347	3107.1604
2348	3125.145996
2349	3238.078857
2350	3125.926025
2351	3154.579102
2352	3094.650391
2353	3141.613037
2354	3251.501953
2355	3160.843994
2356	3093.563477
2357	3180.366943
2358	3165.755371
2359	3154.461426
2360	3180.823975
2361	3117.277344
2362	3158.331543
2363	3114.665771
2364	3154.335449
2365	3126.348145
2366	3154.857666
2367	3136.116211
2368	3100.059326
2369	3119.064697
2370	3150.982422
2371	3145.296875
2372	3118.697266
2373	3125.335205
2374	3147.047119
2375	3117.29834
2376	3090.879639
2377	3118.539063
2378	3089.24707
2379	3094.019531
2380	3094.980957
2381	3083.464355
2382	3089.677734
2383	3087.571777
2384	3061.191895
2385	3089.858154
2386	3092.439941
2387	3090.028564
2388	3090.968018
2389	3092.658691
2390	3085.020996
2391	3093.252441
2392	3090.037598
2393	3084.762207
2394	3064.306641
2395	3085.198486
2396	3081.27002
2397	3091.219727
2398	3084.804199
2399	3090.35083
2400	3099.400635
2401	3084.407715
2402	3093.449463
2403	3088.219482
2404	3060.954346
2405	3061.682129
2406	3093.483398
2407	3085.517334
2408	3089.216797
2409	3097.855957
2410	3085.033203
2411	3093.622559
2412	3060.519287
2413	3072.946289
2414	3082.122314
2415	3089.665771
2416	3058.731201
2417	3091.367676
2418	3093.034424
2419	3085.290527
2420	3090.678711
2421	3094.847656
2422	3085.176758
2423	3059.843994
2424	3089.486572
2425	3088.285156
2426	3081.199463
2427	3091.277344
2428	3089.068604
2429	3060.303711
2430	3093.408936
2431	3093.542969
2432	3086.549805
2433	3092.95874
2434	3094.373779
2435	3084.326904
2436	3094.236572
2437	3088.959717
2438	3091.011475
2439	3092.926758
2440	3062.560303
2441	3091.857178
2442	3086.464111
2443	3061.049072
2444	3089.529297
2445	3068.97876
2446	3078.543457
2447	3083.285889
2448	3089.043457
2449	3057.256348
2450	3094.03418
2451	3065.707764
2452	3059.917236
2453	3057.076416
2454	3098.311523
2455	3091.719727
2456	3088.374756
2457	3091.528564
2458	3060.592285
2459	3088.574707
2460	3086.136719
2461	3090.388184
2462	3089.179932
2463	3092.169434
2464	3061.0625
2465	3100.31543
2466	3089.510986
2467	3122.503418
2468	3172.868408
2469	3155.787109
2470	3132.411377
2471	3181.32666
2472	3147.639648
2473	3166.356934
2474	3222.238281
2475	3182.720703
2476	3135.880127
2477	3255.794434
2478	3193.077148
2479	3191.765625
2480	3281.009766
2481	3302.427979
2482	3158.709961
2483	3188.844727
2484	3143.39624
2485	3098.51416
2486	3188.292725
2487	3119.718994
2488	3203.652588
2489	3141.819336
2490	3155.264648
2491	3162.636719
2492	3177.872803
2493	3099.569824
2494	3118.521973
2495	3115.245117
2496	3125.997314
2497	3142.156494
2498	3108.531494
2499	3101.005371
2500	3199.977295
2501	3086.568848
2502	3129.049561
2503	3093.332275
2504	3150.985596
2505	3122.556885
2506	3121.880615
2507	3151.493408
2508	3088.289551
2509	3119.705078
2510	3122.855957
2511	3081.699219
2512	3119.606689
2513	3156.863037
2514	3112.60498
2515	3157.311523
2516	3122.562256
2517	3185.818359
2518	3124.375
2519	3147.513916
2520	3088.055176
2521	3126.915039
2522	3114.308594
2523	3150.716309
2524	3158.928467
2525	3119.204834
2526	3125.92041
2527	3118.542969
2528	3101.464355
2529	3116.533447
2530	3159.650635
2531	3119.608398
2532	3137.998047
2533	3135.596436
2534	3241.361572
2535	3112.540771
2536	3124.692139
2537	3120.742188
2538	3103.709961
2539	3137.247314
2540	3106.844482
2541	3086.260742
2542	3158.760498
2543	3158.192871
2544	3223.470215
2545	3138.95752
2546	3111.147949
2547	3149.158203
2548	3153.977539
2549	3119.525391
2550	3184.107178
2551	3085.217285
2552	3136.845947
2553	3088.1521
2554	3098.744385
2555	3170.0896
2556	3121.95752
2557	3102.394531
2558	3106.11377
2559	3124.910156
2560	3126.755859
2561	3163.407471
2562	3073.910889
2563	3124.977783
2564	3120.260254
2565	3121.884033
2566	3121.902344
2567	3124.526367
2568	3175.497559
2569	3149.727783
2570	3103.774902
2571	3137.960449
2572	3090.229736
2573	3104.805664
2574	3137.9375
2575	3115.279297
2576	3124.742676
2577	3082.790283
2578	3123.69165
2579	3129.434814
2580	3182.340332
2581	3092.911621
2582	3155.2229
2583	3085.968506
2584	3114.587402
2585	3085.064697
2586	3150.340332
2587	3092.747803
2588	3151.005127
2589	3120.474854
2590	3150.747803
2591	3101.3479
2592	3089.918213
2593	3080.46582
2594	3157.395508
2595	3098.669189
2596	3187.262451
2597	3123.430908
2598	3109.818359
2599	3123.520752
2600	3115.287842
2601	3146.394043
2602	3125.133057
2603	3094.443359
2604	3086.938965
2605	3107.248047
2606	3141.630127
2607	3118.62207
2608	3153.714844
2609	3112.610352
2610	3103.843018
2611	3124.185791
2612	3120.927734
2613	3118.741699
2614	3125.833252
2615	3153.353516
2616	3104.054688
2617	3138.080322
2618	3153.325439
2619	3116.010254
2620	3102.97998
2621	3086.448975
2622	3095.587402
2623	3106.459717
2624	3092.554199
2625	3106.826416
2626	3156.637207
2627	3133.297119
2628	3127.849854
2629	3157.245361
2630	3150.492188
2631	3115.354248
2632	3176.546875
2633	3159.74707
2634	3090.86792
2635	3153.832031
2636	3211.858154
2637	3152.865723
2638	3090.915283
2639	3118.867188
2640	3137.05835
2641	3137.523682
2642	3094.895752
2643	3097.016113
2644	3099.020508
2645	3083.989746
2646	3124.153076
2647	3119.353516
2648	3085.432861
2649	3096.950195
2650	3141.9729
2651	3091.019043
2652	3175.122314
2653	3126.976563
2654	3118.20459
2655	3124.184082
2656	3101.36499
2657	3107.022217
2658	3085.577881
2659	3161.953613
2660	3125.900391
2661	3115.614014
2662	3109.869629
2663	3084.314209
2664	3147.901855
2665	3125.574219
2666	3117.185791
2667	3101.549072
2668	3129.718506
2669	3148.08252
2670	3132.684326
2671	3146.891846
2672	3118.342773
2673	3094.018555
2674	3149.979736
2675	3113.835449
2676	3134.661865
2677	3066.254883
2678	3101.737061
2679	3105.738281
2680	3114.864258
2681	3103.157471
2682	3125.574219
2683	3077.149414
2684	3093.647949
2685	3177.153564
2686	3122.460693
2687	3085.379883
2688	3115.954834
2689	3142.208252
2690	3118.238281
2691	3105.056641
2692	3122.716064
2693	3113.264893
2694	3124.526855
2695	3146.232178
2696	3118.062988
2697	3116.68042
2698	3124.120361
2699	3090.881104
2700	3149.825684
2701	3191.215576
2702	3132.297607
2703	3140.552979
2704	3146.278809
2705	3169.221924
2706	3144.46582
2707	3124.102783
2708	3155.876953
2709	3150.801758
2710	3123.140869
2711	3152.828369
2712	3141.708252
2713	3114.000244
2714	3120.086426
2715	3088.791504
2716	3223.101807
2717	3177.955078
2718	3126.207031
2719	3105.148926
2720	3120.857666
2721	3125.375977
2722	3146.126465
2723	3154.863525
2724	3144.631836
2725	3146.352295
2726	3165.152344
2727	3105.80835
2728	3125.360352
2729	3089.070557
2730	3143.60083
2731	3142.085938
2732	3117.801514
2733	3160.948975
2734	3082.755127
2735	3159.457275
2736	3125.411865
2737	3152.491699
2738	3148.767822
2739	3150.197754
2740	3156.78418
2741	3158.309814
2742	3111.296143
2743	3140.853516
2744	3095.811523
2745	3119.193115
2746	3152.620605
2747	3102.50293
2748	3149.670166
2749	3085.688721
2750	3182.246826
2751	3196.094238
2752	3146.269775
2753	3118.613037
2754	3100.785889
2755	3097.858643
2756	3156.487549
2757	3149.674805
2758	3132.471436
2759	3147.917969
2760	3121.746826
2761	3153.135254
2762	3136.227783
2763	3082.278809
2764	3127.161133
2765	3108.861572
2766	3153.159424
2767	3117.099854
2768	3079.884521
2769	3131.996826
2770	3098.781738
2771	3089.762207
2772	3119.090332
2773	3155.48877
2774	3144.593262
2775	3114.966064
2776	3139.629639
2777	3107.6875
2778	3101.328857
2779	3149.709961
2780	3126.403564
2781	3119.275391
2782	3131.062256
2783	3140.703369
2784	3118.60791
2785	3135.705078
2786	3077.812744
2787	3118.315674
2788	3126.956055
2789	3116.544922
2790	3100.723389
2791	3092.998291
2792	3117.938232
2793	3089.847412
2794	3167.82373
2795	3162.629883
2796	3121.652344
2797	3229.360107
2798	3224.030518
2799	3392.888184
2800	3231.310547
2801	3167.002441
2802	3169.47583
2803	3122.507813
2804	3202.28418
2805	3133.172363
2806	3117.439697
2807	3148.004639
2808	3104.286865
2809	3227.533936
2810	3116.20166
2811	3113.171387
2812	3111.064209
2813	3102.000244
2814	3085.882568
2815	3092.122314
2816	3062.623047
2817	3118.742432
2818	3110.813965
2819	3108.200684
2820	3106.58252
2821	3089.696289
2822	3120.940186
2823	3089.205566
2824	3093.718994
2825	3095.927734
2826	3105.731689
2827	3097.537109
2828	3086.499023
2829	3092.502197
2830	3060.887451
2831	3089.518311
2832	3058.030518
2833	3088.829102
2834	3097.963623
2835	3091.019775
2836	3080.63501
2837	3061.147705
2838	3094.605469
2839	3088.15625
2840	3091.977051
2841	3086.601563
2842	3059.980957
2843	3092.477295
2844	3084.37207
2845	3095.547363
2846	3094.536865
2847	3085.440918
2848	3097.221436
2849	3079.026367
2850	3058.917725
2851	3092.914795
2852	3084.276123
2853	3094.563477
2854	3094.178223
2855	3084.666748
2856	3096.777344
2857	3087.235352
2858	3086.833252
2859	3088.475342
2860	3094.743408
2861	3085.576172
2862	3090.161377
2863	3093.231689
2864	3091.273682
2865	3090.206299
2866	3093.849609
2867	3084.446289
2868	3086.092041
2869	3079.568115
2870	3094.970947
2871	3089.872803
2872	3089.232178
2873	3089.929443
2874	3089.2229
2875	3062.036377
2876	3091.744385
2877	3093.708984
2878	3091.659668
2879	3084.410645
2880	3093.700439
2881	3089.610596
2882	3094.146484
2883	3093.399902
2884	3085.837402
2885	3089.359619
2886	3093.30542
2887	3088.928955
2888	3095.785156
2889	3089.637207
2890	3090.667969
2891	3089.652344
2892	3092.508301
2893	3088.489746
2894	3081.900391
2895	3093.192871
2896	3088.644531
2897	3092.897461
2898	3092.540771
2899	3086.763184
2900	3094.755859
2901	3087.300537
2902	3091.857422
2903	3088.396484
2904	3081.100098
2905	3095.641846
2906	3089.172119
2907	3088.824951
2908	3099.028564
2909	3085.959473
2910	3062.139404
2911	3065.83667
2912	3084.446777
2913	3079.983643
2914	3093.639893
2915	3049.013672
2916	3091.261475
2917	3093.982422
2918	3087.267822
2919	3089.956787
2920	3093.233398
2921	3106.116211
2922	3096.623779
2923	3093.383057
2924	3062.134766
2925	3094.208496
2926	3090.606201
2927	3091.399414
2928	3053.236328
2929	3061.674561
2930	3093.755615
2931	3087.332764
2932	3087.98999
2933	3089.340332
2934	3092.547607
2935	3089.043945
2936	3093.098877
2937	3094.365723
2938	3087.629639
2939	3091.25293
2940	3084.42627
2941	3088.813477
2942	3089.449463
2943	3094.773926
2944	3081.883789
2945	3087.321533
2946	3123.890137
2947	3088.158447
2948	3092.80542
2949	3082.724609
2950	3089.631348
2951	3087.936768
2952	3097.063721
2953	3093.524902
2954	3087.042725
2955	3092.209473
2956	3091.723633
2957	3072.623291
2958	3087.539063
2959	3089.69751
2960	3095.062012
2961	3057.693848
2962	3091.505127
2963	3087.421631
2964	3061.192383
2965	3095.386963
2966	3089.790039
2967	3083.207031
2968	3093.609131
2969	3084.243164
2970	3058.989746
2971	3092.986328
2972	3089.942139
2973	3093.580811
2974	3093.141113
2975	3085.745117
2976	3085.920654
2977	3094.474121
2978	3086.408691
2979	3093.034912
2980	3088.871826
2981	3056.915039
2982	3109.152588
2983	3093.846436
2984	3090.70752
2985	3119.962646
2986	3093.013184
2987	3092.77832
2988	3084.420166
2989	3089.958496
2990	3089.026367
2991	3094.859863
2992	3085.203613
2993	3065.161865
2994	3090.073486
2995	3057.186523
2996	3097.587158
2997	3111.966553
2998	3088.43457
2999	3091.492676
3000	3047.567383
3001	3070.741211
3002	3099.851074
3003	3094.502441
3004	3089.618164
3005	3102.229248
3006	3086.019775
3007	3097.039063
3008	3062.723145
3009	3052.546631
3010	3095.134033
3011	3089.192139
3012	3089.756592
3013	3093.137939
3014	3084.565186
3015	3095.300537
3016	3089.853027
3017	3085.67749
3018	3090.003906
3019	3067.094971
3020	3101.364258
3021	3091.252686
3022	3092.748047
3023	3061.177246
3024	3082.519287
3025	3122.210938
3026	3085.760742
3027	3090.895508
3028	3090.873535
3029	3091.368652
3030	3089.813721
3031	3090.882813
3032	3092.586914
3033	3055.737793
3034	3092.121582
3035	3081.481934
3036	3058.91333
3037	3117.572754
3038	3070.972168
3039	3086.864746
3040	3086.499512
3041	3089.198975
3042	3094.201904
3043	3091.603027
3044	3090.07959
3045	3087.501709
3046	3089.816895
3047	3086.57666
3048	3086.862305
3049	3088.158203
3050	3061.429443
3051	3090.019531
3052	3088.3479
3053	3088.387939
3054	3090.040771
3055	3093.097168
3056	3097.240479
3057	3091.918457
3058	3087.036621
3059	3086.924805
3060	3092.157227
3061	3108.372314
3062	3070.452148
3063	3089.579346
3064	3095.217285
3065	3089.360352
3066	3062.353516
3067	3086.528809
3068	3061.650146
3069	3089.179199
3070	3057.640381
3071	3090.654297
3072	3094.745361
3073	3089.396484
3074	3090.41333
3075	3086.35498
3076	3052.210449
3077	3096.964355
3078	3093.95166
3079	3072.75
3080	3094.437744
3081	3089.466797
3082	3069.035156
3083	3077.946289
3084	3089.941895
3085	3093.676758
3086	3092.693115
3087	3070.444824
3088	3091.135742
3089	3089.871338
3090	3089.092285
3091	3058.266846
3092	3118.006348
3093	3093.868408
3094	3096.591064
3095	3121.335205
3096	3089.051025
3097	3092.675049
3098	3054.039795
3099	3089.121094
3100	3104.970703
3101	3067.606445
3102	3109.7146
3103	3122.624756
3104	3089.174805
3105	3095.136963
3106	3081.760254
3107	3095.125977
3108	3086.060059
3109	3088.873047
3110	3091.410645
3111	3093.679199
3112	3093.093506
3113	3081.170898
3114	3092.227051
3115	3089.85791
3116	3061.432861
3117	3085.724854
3118	3095.563965
3119	3089.370117
3120	3091.094238
3121	3121.15918
3122	3087.214111
3123	3086.621338
3124	3088.298096
3125	3117.560547
3126	3089.190918
3127	3129.587891
3128	3081.501953
3129	3122.48999
3130	3088.253418
3131	3090.99707
3132	3089.94458
3133	3092.942383
3134	3093.272949
3135	3095.522949
3136	3083.759766
3137	3087.31665
3138	3093.347656
3139	3094.842529
3140	3085.303223
3141	3063.072021
3142	3089.622803
3143	3066.1521
3144	3091.326416
3145	3089.659424
3146	3093.010742
3147	3082.852783
3148	3092.38916
3149	3115.89624
3150	3089.655273
3151	3097.436523
3152	3110.680908
3153	3090.907227
3154	3086.813965
3155	3089.301758
3156	3089.066162
3157	3090.183838
3158	3089.77417
3159	3087.192139
3160	3085.502441
3161	3089.817139
3162	3045.424072
3163	3109.940674
3164	3090.713135
3165	3093.877441
3166	3067.923096
3167	3082.309814
3168	3092.25293
3169	3086.40918
3170	3118.535156
3171	3087.270264
3172	3084.575684
3173	3097.524658
3174	3093.757813
3175	3089.758057
3176	3094.702393
3177	3092.852295
3178	3084.559082
3179	3091.681152
3180	3093.06543
3181	3085.73999
3182	3057.5979
3183	3089.256104
3184	3085.031494
3185	3093.625977
3186	3093.65332
3187	3097.501465
3188	3085.788574
3189	3090.531982
3190	3088.856201
3191	3089.775146
3192	3062.784668
3193	3091.766113
3194	3091.501709
3195	3090.330078
3196	3087.97168
3197	3090.072021
3198	3093.863037
3199	3097.14502
3200	3083.937256
3201	3068.276367
3202	3083.49585
3203	3067.164795
3204	3089.1875
3205	3086.236328
3206	3126.068604
3207	3085.682129
3208	3085.12915
3209	3095.168457
3210	3090.160889
3211	3096.397705
3212	3119.316895
3213	3060.462402
3214	3083.019531
3215	3084.583496
3216	3093.589111
3217	3091.019043
3218	3064.774658
3219	3085.432129
3220	3042.655029
3221	3074.710693
3222	3089.859131
3223	3057.615723
3224	3096.666992
3225	3125.716064
3226	3056.249512
3227	3090.012695
3228	3094.453857
3229	3084.339111
3230	3093.290283
3231	3082.333008
3232	3091.845215
3233	3092.583252
3234	3092.330566
3235	3090.00415
3236	3087.32251
3237	3090.691406
3238	3065.559326
3239	3078.117432
3240	3089.629395
3241	3059.221191
3242	3085.072021
3243	3056.865967
3244	3084.068604
3245	3095.090576
3246	3088.973633
3247	3083.005371
3248	3087.173828
3249	3090.121338
3250	3092.972412
3251	3087.960449
3252	3070.215332
3253	3065.930664
3254	3100.402588
3255	3090.255371
3256	3090.04248
3257	3060.050293
3258	3090.164063
3259	3077.535645
3260	3116.84375
3261	3096.769531
3262	3084.568848
3263	3088.572021
3264	3095.325928
3265	3099.679443
3266	3080.141846
3267	3092.623291
3268	3057.768799
3269	3090.256836
3270	3071.689941
3271	3080.355713
3272	3085.954834
3273	3096.026855
3274	3090.082764
3275	3094.14502
3276	3089.839111
3277	3091.022217
3278	3057.92627
3279	3093.698242
3280	3092.946045
3281	3091.633545
3282	3095.208496
3283	3084.412842
3284	3094.378906
3285	3081.71167
3286	3122.075928
3287	3122.784912
3288	3086.530762
3289	3091.664063
3290	3053.693115
3291	3090.314209
3292	3089.484131
3293	3098.436768
3294	3087.187256
3295	3085.546875
3296	3090.462891
3297	3090.554199
3298	3089.443848
3299	3093.153076
3300	3086.242188
3301	3089.797363
3302	3057.861084
3303	3086.189697
3304	3090.004395
3305	3090.14624
3306	3061.507568
3307	3088.839355
3308	3056.702393
3309	3087.488037
3310	3036.415771
3311	3065.343506
3312	3093.338867
3313	3088.96167
3314	3093.247803
3315	3088.222656
3316	3066.011963
3317	3086.390137
3318	3058.760498
3319	3089.203125
3320	3089.457764
3321	3093.469971
3322	3095.408447
3323	3117.031006
3324	3085.408447
3325	3093.22998
3326	3079.098145
3327	3091.263184
3328	3088.703125
3329	3091.185303
3330	3059.450195
3331	3087.218018
3332	3091.916992
3333	3087.386963
3334	3093.460205
3335	3089.844482
3336	3090.965088
3337	3093.824951
3338	3093.219727
3339	3094.35498
3340	3084.595947
3341	3097.163086
3342	3090.095703
3343	3092.30249
3344	3085.368408
3345	3053.691895
3346	3093.359131
3347	3092.538818
3348	3059.170654
3349	3094.446289
3350	3087.901855
3351	3083.886963
3352	3068.859619
3353	3078.446777
3354	3089.956787
3355	3092.585693
3356	3089.062012
3357	3119.63623
3358	3093.538086
3359	3115.140625
3360	3096.179199
3361	3085.485596
3362	3086.141602
3363	3097.884521
3364	3081.24707
3365	3082.650635
3366	3089.305664
3367	3093.504395
3368	3087.603271
3369	3072.102783
3370	3107.210449
3371	3093.247559
3372	3089.394043
3373	3085.900146
3374	3098.543457
3375	3086.37085
3376	3054.112549
3377	3089.311768
3378	3092.731689
3379	3097.900391
3380	3089.603027
3381	3092.570313
3382	3093.549316
3383	3057.53125
3384	3093.68042
3385	3062.473389
3386	3089.998535
3387	3088.710938
3388	3090.19043
3389	3091.479004
3390	3086.131592
3391	3092.030273
3392	3096.266602
3393	3057.5896
3394	3117.682373
3395	3090.432617
3396	3089.381104
3397	3086.016602
3398	3089.531738
3399	3091.003906
3400	3116.656982
3401	3093.229248
3402	3051.613037
3403	3090.567627
3404	3090.003418
3405	3090.699219
3406	3094.529297
3407	3084.325684
3408	3125.776611
3409	3090.679932
3410	3667.849609
3411	3067.322266
3412	3086.43042
3413	3062.11792
3414	3061.640137
3415	3061.293701
3416	3091.724365
3417	3089.12085
3418	3064.161377
3419	3085.547852
3420	3090.59668
3421	3090.290283
3422	3090.766113
3423	3081.802734
3424	3093.386719
3425	3094.490967
3426	3087.969482
3427	3090.077637
3428	3086.506592
3429	3089.62915
3430	3094.369141
3431	3083.314453
3432	3057.183838
3433	3092.595703
3434	3093.010254
3435	3085.35498
3436	3089.026855
3437	3097.275879
3438	3083.747314
3439	3095.055176
3440	3088.745361
3441	3095.587891
3442	3069.269775
3443	3084.830322
3444	3079.808594
3445	3097.080566
3446	3092.257813
3447	3086.431641
3448	3092.524658
3449	3122.243652
3450	3098.720703
3451	3106.00708
3452	3089.118652
3453	3064.373535
3454	3113.703125
3455	3092.184814
3456	3082.908936
3457	3060.634766
3458	3094.816162
3459	3084.796875
3460	3093.777344
3461	3057.064209
3462	3091.428223
3463	3084.263672
3464	3093.299561
3465	3088.414551
3466	3093.973145
3467	3090.218018
3468	3119.628418
3469	3080.38501
3470	3096.997803
3471	3085.533936
3472	3094.963623
3473	3087.717285
3474	3089.13208
3475	3090.416992
3476	3084.770264
3477	3093.570801
3478	3087.95752
3479	3089.816162
3480	3089.629639
3481	3088.817871
3482	3092.945557
3483	3089.266846
3484	3058.042725
3485	3098.28833
3486	3080.679932
3487	3097.01001
3488	3093.505859
3489	3053.90918
3490	3061.530029
3491	3093.084961
3492	3089.983398
3493	3062.773682
3494	3122.518066
3495	3082.664063
3496	3091.685059
3497	3095.097656
3498	3091.594727
3499	3058.136475
3500	3090.034424
3501	3088.293213
3502	3062.204102
3503	3086.199463
3504	3091.069336
3505	3094.195313
3506	3084.702148
3507	3091.855957
3508	3115.195068
3509	3093.842285
3510	3084.431885
3511	3081.703125
3512	3096.769775
3513	3093.170898
3514	3086.30542
3515	3071.20874
3516	3065.145752
3517	3095.968018
3518	3090.427002
3519	3089.655518
3520	3091.097168
3521	3089.18335
3522	3060.502441
3523	3096.763672
3524	3117.749268
3525	3092.180664
3526	3060.813721
3527	3094.537598
3528	3081.682373
3529	3062.916016
3530	3086.116699
3531	3092.229492
3532	3081.856445
3533	3090.040771
3534	3090.572998
3535	3088.0979
3536	3096.853516
3537	3086.797852
3538	3089.20459
3539	3094.132324
3540	3091.986816
3541	3089.016357
3542	3094.121094
3543	3087.858643
3544	3095.618164
3545	3085.344482
3546	3089.697266
3547	3098.967285
3548	3085.979248
3549	3066.952393
3550	3084.297119
3551	3091.607178
3552	3094.781006
3553	3117.906494
3554	3128.370117
3555	3084.88501
3556	3090.223877
3557	3085.067627
3558	3095.238525
3559	3089.983643
3560	3088.783203
3561	3096.73584
3562	3086.479248
3563	3070.014893
3564	3087.962891
3565	3061.754883
3566	3083.3396
3567	3085.461182
3568	3093.108887
3569	3089.366699
3570	3093.534668
3571	3089.493164
3572	3093.456787
3573	3097.649414
3574	3089.813232
3575	3092.857422
3576	3085.158691
3577	3089.946777
3578	3094.01001
3579	3073.009521
3580	3048.883789
3581	3031.891846
3582	3078.424805
3583	3088.565674
3584	3089.844727
3585	3118.267334
3586	3058.452881
3587	3088.950684
3588	3091.092529
3589	3084.130371
3590	3089.323242
3591	3084.716309
3592	3088.827637
3593	3090.236084
3594	3085.457275
3595	3086.164551
3596	3087.875244
3597	3092.805908
3598	3096.71167
3599	3084.62085
3600	3090.76001
3601	3088.658447
3602	3088.399902
3603	3090.86377
3604	3087.550049
3605	3092.938232
3606	3086.447754
3607	3082.9104
3608	3090.54248
3609	3093.396973
3610	3078.45874
3611	3095.107422
3612	3094.549561
3613	3097.146484
3614	3070.338135
3615	3111.533936
3616	3089.940186
3617	3096.150146
3618	3084.571533
3619	3089.773193
3620	3091.200684
3621	3093.952637
3622	3089.73877
3623	3088.560791
3624	3088.96875
3625	3086.26123
3626	3088.887939
3627	3093.79126
3628	3064.705322
3629	3091.058838
3630	3087.438721
3631	3062.491943
3632	3094.913818
3633	3088.65332
3634	3085.874023
3635	3093.567871
3636	3085.8396
3637	3091.496338
3638	3089.183838
3639	3088.670166
3640	3090.706055
3641	3094.130859
3642	3059.550781
3643	3087.935791
3644	3096.605469
3645	3084.872314
3646	3059.070801
3647	3061.069824
3648	3088.168945
3649	3094.818848
3650	3093.622803
3651	3088.093994
3652	3062.574219
3653	3089.104736
3654	3089.67627
3655	3089.633789
3656	3093.710449
3657	3089.455566
3658	3093.112549
3659	3092.381592
3660	3089.659668
3661	3063.212891
3662	3088.654785
3663	3064.780518
3664	3088.716064
3665	3088.451416
3666	3094.728516
3667	3084.645996
3668	3097.044678
3669	3093.458496
3670	3088.816406
3671	3093.630615
3672	3090.980469
3673	3052.966797
3674	3061.714844
3675	3091.259521
3676	3089.553467
3677	3086.748779
3678	3089.72876
3679	3090.995605
3680	3094.511963
3681	3085.90332
3682	3097.528564
3683	3089.724854
3684	3090.310791
3685	3089.088867
3686	3092.505127
3687	3093.121826
3688	3057.963867
3689	3092.721191
3690	3093.950684
3691	3082.635986
3692	3089.884033
3693	3093.119141
3694	3086.548096
3695	3093.598145
3696	3086.839355
3697	3095.317139
3698	3075.770752
3699	3062.095947
3700	3061.082031
3701	3092.84668
3702	3088.954346
3703	3096.705566
3704	3093.959473
3705	3090.095215
3706	3052.859375
3707	3061.326416
3708	3067.746338
3709	3088.587402
3710	3087.843994
3711	3087.623047
3712	3093.415283
3713	3094.577637
3714	3093.153564
3715	3091.181641
3716	3089.725342
3717	3091.37915
3718	3089.937744
3719	3090.489502
3720	3088.880371
3721	3063.615479
3722	3091.57373
3723	3087.311279
3724	3097.852295
3725	3083.654541
3726	3089.859375
3727	3093.385254
3728	3093.157471
3729	3095.061523
3730	3090.529297
3731	3090.735107
3732	3083.879639
3733	3062.874268
3734	3089.454346
3735	3061.935059
3736	3091.012207
3737	3091.961182
3738	3093.837402
3739	3086.318359
3740	3065.005371
3741	3085.708008
3742	3095.233154
3743	3057.273193
3744	3091.916016
3745	3096.938965
3746	3056.562256
3747	3087.140381
3748	3094.364502
3749	3077.300781
3750	3091.419434
3751	3089.310059
3752	3087.768555
3753	3097.974854
3754	3053.016357
3755	3095.612793
3756	3090.10376
3757	3093.106445
3758	3092.481689
3759	3083.61499
3760	3094.970459
3761	3091.851074
3762	3092.75
3763	3088.839111
3764	3097.391602
3765	3079.054932
3766	3057.57373
3767	3094.28418
3768	3090.902588
3769	3089.922119
3770	3095.001465
3771	3089.104248
3772	3092.40332
3773	3094.157959
3774	3088.803711
3775	3093.4646
3776	3083.834229
3777	3093.441162
3778	3088.856201
3779	3059.809326
3780	3088.780762
3781	3094.672363
3782	3089.547363
3783	3063.165527
3784	3086.077637
3785	3089.364258
3786	3061.91626
3787	3091.611328
3788	3089.307861
3789	3084.448242
3790	3093.282471
3791	3089.348389
3792	3059.795654
3793	3087.910889
3794	3063.678223
3795	3090.306641
3796	3090.450684
3797	3093.078125
3798	3088.501221
3799	3057.092773
3800	3090.25293
3801	3094.509033
3802	3089.303223
3803	3091.323975
3804	3090.268066
3805	3084.268066
3806	3090.734863
3807	3090.229004
3808	3089.234375
3809	3065.011963
3810	3089.084229
3811	3083.193359
3812	3085.006348
3813	3062.181641
3814	3065.912842
3815	3082.781982
3816	3091.325195
3817	3080.389404
3818	3093.430176
3819	3060.906494
3820	3090.257324
3821	3097.467529
3822	3083.331055
3823	3092.928955
3824	3094.053467
3825	3091.500732
3826	3089.724854
3827	3089.111572
3828	3090.062988
3829	3093.125732
3830	3092.945557
3831	3089.936768
3832	3062.890869
3833	3090.59082
3834	3081.862305
3835	3058.860352
3836	3065.458984
3837	3087.370605
3838	3087.860107
3839	3093.981689
3840	3056.801758
3841	3085.791504
3842	3061.243408
3843	3089.380127
3844	3065.047607
3845	3089.746094
3846	3093.458252
3847	3092.894043
3848	3084.604736
3849	3088.462158
3850	3066.36499
3851	3085.435303
3852	3089.729736
3853	3084.983643
3854	3094.503662
3855	3089.982666
3856	3086.533447
3857	3058.59375
3858	3088.94458
3859	3065.961914
3860	3083.933594
3861	3085.504639
3862	3061.832275
3863	3057.632568
3864	3049.600586
3865	3059.921631
3866	3062.571289
3867	3089.695801
3868	3092.712402
3869	3057.048584
3870	3096.150879
3871	3084.841797
3872	3092.586426
3873	3097.729248
3874	3080.221924
3875	3093.684082
3876	3096.082764
3877	3057.346191
3878	3065.07373
3879	3089.806641
3880	3088.60376
3881	3089.357178
3882	3089.068359
3883	3064.895264
3884	3086.957031
3885	3089.761719
3886	3089.356689
3887	3061.67627
3888	3060.842529
3889	3061.934814
3890	3060.72998
3891	3093.079346
3892	3064.912842
3893	3061.181885
3894	3082.366455
3895	3092.966064
3896	3060.392578
3897	3092.388672
3898	3091.696777
3899	3084.777344
3900	3061.418945
3901	3087.986328
3902	3089.640869
3903	3093.162109
3904	3086.38208
3905	3090.973145
3906	3094.161865
3907	3057.849121
3908	3091.623047
3909	3092.125244
3910	3088.294922
3911	3083.68457
3912	3061.523926
3913	3088.180176
3914	3058.694336
3915	3088.768799
3916	3060.078857
3917	3088.417236
3918	3057.121338
3919	3088.820068
3920	3091.615723
3921	3065.260742
3922	3053.42334
3923	3088.510498
3924	3095.344971
3925	3089.233887
3926	3095.091064
3927	3065.415039
3928	3085.9646
3929	3060.179443
3930	3058.251465
3931	3093.633789
3932	3094.361572
3933	3084.315674
3934	3094.137207
3935	3081.644287
3936	3093.112061
3937	3090.407227
3938	3089.377686
3939	3063.861816
3940	3086.916992
3941	3096.231934
3942	3083.419189
3943	3094.443359
3944	3088.434814
3945	3095.363525
3946	3085.222656
3947	3094.441162
3948	3089.546387
3949	3098.517334
3950	3085.616211
3951	3090.497314
3952	3057.43335
3953	3086.903809
3954	3089.076172
3955	3090.889404
3956	3091.282227
3957	3089.86377
3958	3098.012207
3959	3057.322754
3960	3094.047852
3961	3090.388428
3962	3093.234131
3963	3089.05249
3964	3064.466064
3965	3090.875732
3966	3091.388672
3967	3088.933105
3968	3098.26123
3969	3082.959473
3970	3089.270264
3971	3060.654053
3972	3061.642822
3973	3089.630127
3974	3085.597412
3975	3085.155518
3976	3060.688477
3977	3062.314941
3978	3083.233398
3979	3092.966553
3980	3089.299072
3981	3095.408936
3982	3077.931396
3983	3092.952881
3984	3096.985352
3985	3085.369629
3986	3084.311279
3987	3091.937988
3988	3061.077637
3989	3097.87793
3990	3058.013672
3991	3093.554199
3992	3061.85498
3993	3089.444336
3994	3091.634521
3995	3093.67041
3996	3089.60791
3997	3062.360352
3998	3056.883301
3999	3097.323242
4000	3085.489502
4001	3089.613281
4002	3092.85376
4003	3053.111816
4004	3095.648193
4005	3088.987305
4006	3061.264893
4007	3093.965088
4008	3089.276367
4009	3090.062012
4010	3095.272949
4011	3093.801025
4012	3090.936768
4013	3089.547607
4014	3092.694336
4015	3094.582031
4016	3090.243652
4017	3090.31958
4018	3061.015137
4019	3064.954102
4020	3094.67334
4021	3085.886719
4022	3090.535645
4023	3090.135986
4024	3086.241211
4025	3089
4026	3093.532715
4027	3088.650879
4028	3097.008789
4029	3089.875488
4030	3094.114746
4031	3085.168701
4032	3081.143066
4033	3062.260742
4034	3091.044189
4035	3087.598145
4036	3087.049316
4037	3089.294922
4038	3094.808594
4039	3081.297363
4040	3065.546387
4041	3077.504639
4042	3090.303467
4043	3093.746094
4044	3091.872803
4045	3091.242676
4046	3088.804443
4047	3090.827148
4048	3061.156006
4049	3094.468018
4050	3093.175537
4051	3089.064209
4052	3092.217285
4053	3088.947021
4054	3091.923584
4055	3088.400635
4056	3098.240234
4057	3084.5271
4058	3089.480957
4059	3089.388428
4060	3067.211914
4061	3084.977783
4062	3088.294434
4063	3062.18042
4064	3097.85083
4065	3092.283447
4066	3093.168213
4067	3085.779541
4068	3060.796875
4069	3058.137451
4070	3089.826904
4071	3065.342285
4072	3088.874756
4073	3066.643799
4074	3082.597656
4075	3092.697266
4076	3093.953613
4077	3094.465332
4078	3088.813721
4079	3059.017822
4080	3090.591309
4081	3088.619385
4082	3090.203369
4083	3060.664063
4084	3092.252686
4085	3086.112061
4086	3062.350586
4087	3089.254883
4088	3061.25
4089	3093.547607
4090	3085.674805
4091	3089.982422
4092	3092.897949
4093	3749.398926
4094	3080.439453
4095	3425.519287
4096	3061.016357
4097	3089.690186
4098	3059.89502
4099	3060.409424
4100	3061.229248
4101	3062.537598
4102	3088.759766
4103	3061.651367
4104	3089.278564
4105	3090.910645
4106	3060.083984
4107	3060.221191
4108	3060.910889
4109	3062.492188
4110	3092.235107
4111	3088.992432
4112	3061.342773
4113	3062.068604
4114	3056.576904
4115	3061.316895
4116	3060.414551
4117	3058.119141
4118	3087.599365
4119	3064.758301
4120	3093.106201
4121	3086.575195
4122	3089.20166
4123	3061.615234
4124	3088.842529
4125	3058.198486
4126	3064.291992
4127	3088.677734
4128	3089.068604
4129	3094.171631
4130	3084.162354
4131	3060.917236
4132	3063.46875
4133	3056.393311
4134	3064.276611
4135	3088.622559
4136	3063.224609
4137	3091.895264
4138	3076.650391
4139	3061.418213
4140	3060.48584
4141	3060.877686
4142	3088.927246
4143	3065.002197
4144	3061.194824
4145	3056.973389
4146	3088.467773
4147	3066.224854
4148	3089.318115
4149	3089.139648
4150	3088.70874
4151	3061.593018
4152	3061.068848
4153	3061.179932
4154	3066.79541
4155	3080.776611
4156	3058.512207
4157	3087.594971
4158	3061.074463
4159	3062.98291
4160	3086.161377
4161	3060.928711
4162	3060.298828
4163	3060.838867
4164	3092.001953
4165	3090.541748
4166	3067.905762
4167	3080.574951
4168	3062.20752
4169	3085.580566
4170	3062.109375
4171	3088.981689
4172	3095.568115
4173	3087.473145
4174	3092.078613
4175	3060.308838
4176	3090.512695
4177	3066.163818
4178	3084.637451
4179	3064.39502
4180	3056.989746
4181	3092.647217
4182	3064.952393
4183	3086.524658
4184	3060.370117
4185	3062.073486
4186	3088.909668
4187	3060.810791
4188	3085.192383
4189	3088.945801
4190	3094.070557
4191	3057.312988
4192	3060.703125
4193	3065.577393
4194	3084.525146
4195	3029.157959
4196	3060.919189
4197	3067.242188
4198	3057.244141
4199	3088.931152
4200	3060.810791
4201	3091.452393
4202	3061.131348
4203	3066.777832
4204	3086.657959
4205	3056.805908
4206	3092.922363
4207	3093.395508
4208	3053.677002
4209	3061.793701
4210	3090.906006
4211	3060.594971
4212	3060.31543
4213	3088.956299
4214	3088.553467
4215	3093.578369
4216	3092.831543
4217	3087.006348
4218	3065.98999
4219	3086.100586
4220	3089.124023
4221	3061.472168
4222	3059.48877
4223	3058.362305
4224	3063.016846
4225	3092.97876
4226	3088.44873
4227	3061.749268
4228	3062.315186
4229	3092.587402
4230	3088.931396
4231	3089.11377
4232	3064.817627
4233	3058.384277
4234	3093.328857
4235	3089.000732
4236	3092.603271
4237	3060.938965
4238	3063.476563
4239	3057.59668
4240	3057.073486
4241	3061.157471
4242	3062.76709
4243	3088.277344
4244	3061.288818
4245	3060.712646
4246	3061.034668
4247	3064.59668
4248	3093.125
4249	3088.053467
4250	3060.998047
4251	3089.342285
4252	3094.245361
4253	3084.595459
4254	3091.940186
4255	3065.490479
4256	3088.226563
4257	3061.034912
4258	3065.849121
4259	3088.777344
4260	3066.293945
4261	3088.89917
4262	3090.395752
4263	3090.911133
4264	3088.890137
4265	3062.053711
4266	3093.610107
4267	3087.698242
4268	3056.905273
4269	3060.323486
4270	3060.999023
4271	3058.771729
4272	3062.053467
4273	3089.538086
4274	3090.829102
4275	3089.996582
4276	3056.678223
4277	3066.057861
4278	3056.787842
4279	3057.720703
4280	3093.365723
4281	3056.55127
4282	3354.177979
4283	3088.613281
4284	3093.156982
4285	3090.977051
4286	3089.239746
4287	3061.19165
4288	3089.095947
4289	3093.577881
4290	3094.25293
4291	3088.10791
4292	3089.032715
4293	3089.990967
4294	3089.858643
4295	3088.965088
4296	3061.966797
4297	3089.944824
4298	3091.37793
4299	3088.337402
4300	3060.585449
4301	3060.740234
4302	3095.396973
4303	3089.068604
4304	3098.026123
4305	3084.198242
4306	3060.422119
4307	3062.688477
4308	3092.26416
4309	3087.305176
4310	3059.729492
4311	3094.150879
4312	3091.756348
4313	3090.127441
4314	3090.630615
4315	3091.818848
4316	3063.849609
4317	3088.405762
4318	3085.034912
4319	3121.575439
4320	3033.063232
4321	3049.687744
4322	3096.240234
4323	3069.926758
4324	3108.927002
4325	3096.859131
4326	3087.619141
4327	3085.938477
4328	3053.481445
4329	3089.64917
4330	3093.445068
4331	3090.358398
4332	3091.637695
4333	3093.691162
4334	3095.651123
4335	3048.9021
4336	3094.620361
4337	3084.215576
4338	3092.514648
4339	3066.919189
4340	3048.011963
4341	3089.209717
4342	3064.803711
4343	3089.209229
4344	3094.158447
4345	3094.880127
4346	3089.821289
4347	3092.109863
4348	3088.763428
4349	3096.906494
4350	3069.300049
4351	3075.414795
4352	3099.235596
4353	3102.43335
4354	3055.061035
4355	3089.656982
4356	3091.87085
4357	3088.645264
4358	3063.493652
4359	3059.156494
4360	3059.285156
4361	3090.946045
4362	3088.685303
4363	3091.088379
4364	3061.331055
4365	3089.456543
4366	3090.088623
4367	3095.709229
4368	3090.034424
4369	3057.194336
4370	3063.174805
4371	3088.032959
4372	3057.821289
4373	3058.093262
4374	3062.225342
4375	3092.195068
4376	3088.401367
4377	3092.731934
4378	3061.772705
4379	3062.770996
4380	3084.869385
4381	3094.243164
4382	3080.58252
4383	3085.963379
4384	3087.02417
4385	3083.879883
4386	3093.472656
4387	3090.539795
4388	3091.179688
4389	3094.053711
4390	3088.217773
4391	3066.594727
4392	3083.436035
4393	3056.033447
4394	3062.836182
4395	3088.18457
4396	3088.428223
4397	3095.240723
4398	3096.624512
4399	3090.87793
4400	3084.815186
4401	3093.411133
4402	3092.650146
4403	3057.414795
4404	3090.258545
4405	3094.901855
4406	3080.286133
4407	3092.498779
4408	3095.59375
4409	3089.222656
4410	3094.065674
4411	3088.904053
4412	3061.174805
4413	3095.370605
4414	3057.964844
4415	3088.939453
4416	3092.249512
4417	3093.628906
4418	3088.450928
4419	3061.368408
4420	3083.364502
4421	3084.389404
4422	3092.955566
4423	3090.532227
4424	3089.05249
4425	3061.101563
4426	3092.45874
4427	3088.136475
4428	3094.175293
4429	3088.419678
4430	3088.005859
4431	3094.913086
4432	3092.185059
4433	3059.001221
4434	3091.050293
4435	3086.024902
4436	3088.05249
4437	3096.680664
4438	3090.557617
4439	3091.777832
4440	3093.375488
4441	3083.099854
4442	3094.41333
4443	3090.031006
4444	3091.098389
4445	3088.819336
4446	3058.452637
4447	3060.977539
4448	3093.550049
4449	3090.004883
4450	3084.999268
4451	3060.137939
4452	3095.290283
4453	3085.625244
4454	3094.13916
4455	3092.575439
4456	3093.270996
4457	3085.284668
4458	3096.187012
4459	3082.823486
4460	3087.901123
4461	3096.506836
4462	3092.660645
4463	3092.430908
4464	3089.803711
4465	3085.782959
4466	3088.969482
4467	3093.515869
4468	3060.98877
4469	3058.532959
4470	3094.848389
4471	3056.573242
4472	3088.986084
4473	3061.179688
4474	3093.504883
4475	3096.087158
4476	3085.13623
4477	3090.3396
4478	3061.444336
4479	3094.955078
4480	3091.972412
4481	3088.438477
4482	3092.10791
4483	3060.686523
4484	3083.444824
4485	3092.414551
4486	3089.461182
4487	3095.095703
4488	3089.931152
4489	3081.248047
4490	3093.530518
4491	3087.741211
4492	3061.073486
4493	3090.011963
4494	3093.102295
4495	3088.898438
4496	3093.392578
4497	3090.185791
4498	3085.788818
4499	3094.562256
4500	3088.702881
4501	3091.341553
4502	3064.475586
4503	3085.784668
4504	3092.894287
4505	3088.821533
4506	3088.726318
4507	3092.766846
4508	3061.137939
4509	3097.876465
4510	3080.420654
4511	3087.827637
4512	3057.579102
4513	3066.430664
4514	3089.518555
4515	3084.21582
4516	3063.313477
4517	3099.527832
4518	3082.670654
4519	3092.87915
4520	3088.394287
4521	3093.479736
4522	3090.344482
4523	3059.901855
4524	3055.766602
4525	3091.910645
4526	3093.897461
4527	3084.081055
4528	3095.807373
4529	3088.390869
4530	3092.249512
4531	3094.631348
4532	3054.932861
4533	3088.568604
4534	3089.038818
4535	3096.367188
4536	3089.243164
4537	3049.728271
4538	3061.826416
4539	3088.675781
4540	3092.38916
4541	3088.772217
4542	3090.915527
4543	3058.564209
4544	3086.814209
4545	3056.315186
4546	3093.554688
4547	3093.554199
4548	3091.404785
4549	3089.067383
4550	3093.507813
4551	3108.340088
4552	3037.229248
4553	3071.075684
4554	3086.824463
4555	3090.010498
4556	3061.126465
4557	3061.361816
4558	3089.83667
4559	3085.097168
4560	3096.612793
4561	3090.174072
4562	3089.936279
4563	3089.62207
4564	3088.516357
4565	3092.793213
4566	3100.699463
4567	3086.608154
4568	3087.804932
4569	3093.609619
4570	3087.785645
4571	3091.08374
4572	3088.204346
4573	3078.371094
4574	3073.364258
4575	3089.125732
4576	3095.175537
4577	3090.06543
4578	3090.355469
4579	3061.415527
4580	3093.108398
4581	3070.620117
4582	3049.944092
4583	3085.445557
4584	3061.789307
4585	3090.309326
4586	3088.290283
4587	3093.822021
4588	3094.833984
4589	3090.647949
4590	3092.907227
4591	3086.537598
4592	3097.820313
4593	3061.408203
4594	3085.216064
4595	3074.006592
4596	3077.35376
4597	3031.924072
4598	3089.053467
4599	3096.912598
4600	3081.064941
4601	3092.291504
4602	3089.745361
4603	3097.713623
4604	3112.793457
4605	3120.266357
4606	3057.257568
4607	3062.323975
4608	3085.127441
4609	3094.585693
4610	3121.741943
4611	3084.634033
4612	3088.155518
4613	3016.178223
4614	3071.972412
4615	3086.283691
4616	3093.010742
4617	3057.364014
4618	3090.287109
4619	3061.633789
4620	3056.539307
4621	3095.795654
4622	3061.935547
4623	3094.212158
4624	3053.748779
4625	3088.935059
4626	3096.10083
4627	3060.181641
4628	3086.797119
4629	3065.136475
4630	3087.614502
4631	3088.447754
4632	3097.67041
4633	3087.352295
4634	3087.369385
4635	3093.301758
4636	3093.678711
4637	3093.910156
4638	3094.40625
4639	3082.230713
4640	3080.355957
4641	3091.753906
4642	3093.882813
4643	3057.825684
4644	3085.994385
4645	3093.50415
4646	3090.460938
4647	3090.15625
4648	3089.508057
4649	3092.546631
4650	3060.713379
4651	3088.743164
4652	3069.417725
4653	3082.09668
4654	3092.782227
4655	3076.491699
4656	3099.19165
4657	3088.38623
4658	3058.26123
4659	3094.80835
4660	3084.8125
4661	3092.923828
4662	3089.768555
4663	3089.427002
4664	3089.270752
4665	3038.025391
4666	3086.821533
4667	3084.915039
4668	3092.897949
4669	3056.915527
4670	3127.898682
4671	3088.893555
4672	3089.902344
4673	3092.389648
4674	3090.395264
4675	3092.61499
4676	3084.808105
4677	3077.048828
4678	3068.3125
4679	3093.262207
4680	3089.197021
4681	3099.390381
4682	3101.494141
4683	3095.606201
4684	3057.015137
4685	3094.105469
4686	3062.767578
4687	3087.587891
4688	3087.057617
4689	3098.238037
4690	3085.687988
4691	3087.152344
4692	3089.930176
4693	3088.382813
4694	3092.540039
4695	3092.98877
4696	3095.405518
4697	3085.951416
4698	3094.721191
4699	3084.853027
4700	3064.648193
4701	3045.468262
4702	3087.535645
4703	3089.075195
4704	3093.294434
4705	3098.759277
4706	3085.450684
4707	3061.783447
4708	3089.074707
4709	3057.029785
4710	3091.945557
4711	3066.946289
4712	3089.223145
4713	3092.635742
4714	3088.783203
4715	3095.001953
4716	3089.030518
4717	3093.289795
4718	3093.208496
4719	3096.465576
4720	3093.469971
4721	3091.560303
4722	3060.261719
4723	3084.774414
4724	3092.456543
4725	3061.693604
4726	3092.766602
4727	3060.95459
4728	3092.719727
4729	3092.967285
4730	3061.648926
4731	3090.734131
4732	3094.864502
4733	3088.128906
4734	3093.307861
4735	3060.80957
4736	3092.5
4737	3092.809082
4738	3061.545654
4739	3060.911865
4740	3092.635498
4741	3093.798584
4742	3092.775146
4743	3059.910645
4744	3089.223389
4745	3092.981445
4746	3093.281738
4747	3067.054443
4748	3085.239258
4749	3060.782227
4750	3061.565918
4751	3093.63916
4752	3088.871826
4753	3092.727051
4754	3061.827881
4755	3092.922119
4756	3060.52002
4757	3061.118408
4758	3094.36377
4759	3088.876221
4760	3060.193604
4761	3059.517578
4762	3058.001709
4763	3064.946777
4764	3080.490723
4765	3077.216064
4766	3060.01123
4767	3097.160889
4768	3045.119141
4769	3057.285156
4770	3085.765381
4771	3090.444824
4772	3093.905273
4773	3089.935791
4774	3089.424805
4775	3060.345459
4776	3094.31665
4777	3092.297363
4778	3062.112549
4779	3061.524658
4780	3060.785645
4781	3092.859863
4782	3061.186035
4783	3092.836182
4784	3060.182373
4785	3060.687744
4786	3060.671143
4787	3062.030273
4788	3093.829834
4789	3056.647217
4790	3061.227539
4791	3093.727295
4792	3089.059814
4793	3061.266357
4794	3061.317627
4795	3092.393311
4796	3091.524414
4797	3061.347412
4798	3061.266357
4799	3098.910645
4800	3088.446045
4801	3090.728027
4802	3089.448242
4803	3089.471436
4804	3093.356934
4805	3088.999756
4806	3063.048584
4807	3057.440186
4808	3091.361328
4809	3060.552002
4810	3092.827393
4811	3038.961182
4812	3083.172852
4813	3089.925537
4814	3097.389893
4815	3057.675049
4816	3060.892578
4817	3064.96875
4818	3090.36499
4819	3057.274414
4820	3093.469238
4821	3089.292969
4822	3061.236572
4823	3093.108887
4824	3092.621582
4825	3091.642822
4826	3097.215088
4827	3088.833252
4828	3060.931641
4829	3064.459473
4830	3084.958984
4831	3096.682129
4832	3088.599609
4833	3093.067383
4834	3060.41626
4835	3088.584229
4836	3092.268799
4837	3062.408447
4838	3088.223633
4839	3093.170166
4840	3061.848877
4841	3088.830811
4842	3064.795654
4843	3086.821289
4844	3060.376221
4845	3061.905762
4846	3055.079102
4847	3062.708008
4848	3092.893066
4849	3088.119141
4850	3061.665527
4851	3062.067139
4852	3089.186035
4853	3092.748535
4854	3061.314453
4855	3096.98291
4856	3088.253906
4857	3060.939697
4858	3061.688232
4859	3060.657959
4860	3096.543945
4861	3092.580322
4862	3088.159912
4863	3061.460693
4864	3064.960205
4865	3093.151367
4866	3089.095215
4867	3061.002197
4868	3094.55127
4869	3093.526367
4870	3090.300293
4871	3093.279053
4872	3086.853516
4873	3060.685791
4874	3060.414063
4875	3065.598633
4876	3086.770752
4877	3089.437256
4878	3065.824707
4879	3089.032959
4880	3065.618652
4881	3085.018066
4882	3094.614746
4883	3056.685791
4884	3061.346924
4885	3028.860352
4886	3097.279541
4887	3059.719238
4888	3084.628906
4889	3089.920166
4890	3060.369873
4891	3090.308105
4892	3093.054932
4893	3061.339111
4894	3074.628418
4895	3072.571289
4896	3029.076172
4897	3093.710938
4898	3060.277588
4899	3092.528076
4900	3060.691895
4901	3064.425537
4902	3088.468018
4903	3061.048584
4904	3066.336182
4905	3085.011719
4906	3061.006104
4907	3093.960938
4908	3088.31958
4909	3092.435547
4910	3039.121338
4911	3080.31958
4912	3062.916504
4913	3054.24585
4914	3092.565674
4915	3065.291504
4916	3056.522217
4917	3059.482178
4918	3062.281982
4919	3090.598877
4920	3089.409668
4921	3100.907227
4922	3082.451904
4923	3093.335693
4924	3089.248535
4925	3057.08252
4926	3060.560303
4927	3060.953125
4928	3057.902588
4929	3089.517822
4930	3093.989746
4931	3090.906738
4932	3091.053223
4933	3088.581543
4934	3088.992432
4935	3059.422363
4936	3092.543457
4937	3091.925537
4938	3060.621826
4939	3093.420654
4940	3090.611328
4941	3091.274902
4942	3063.826172
4943	3087.106689
4944	3064.97168
4945	3088.7146
4946	3061.915771
4947	3060.353027
4948	3087.237793
4949	3093.679688
4950	3059.879395
4951	3092.354004
4952	3065.329102
4953	3057.394531
4954	3092.534668
4955	3088.949463
4956	3063.237549
4957	3090.67041
4958	3089.262207
4959	3096.517578
4960	3091.092041
4961	3090.353027
4962	3061.144043
4963	3088.699951
4964	3092.40332
4965	3061.181396
4966	3091.613037
4967	3060.594482
4968	3061.361572
4969	3090.659424
4970	3060.765381
4971	3093.337402
4972	3095.343994
4973	3089.2229
4974	3090.343018
4975	3092.928467
4976	3061.656982
4977	3065.055176
4978	3089.743896
4979	3058.20459
4980	3060.419922
4981	3064.15625
4982	3088.703613
4983	3061.047607
4984	3089.08374
4985	3060.800049
4986	3092.133301
4987	3066.479248
4988	3088.257568
4989	3061.15918
4990	3060.216309
4991	3065.724609
4992	3089.059326
4993	3057.830566
4994	3060.99292
4995	3093.415283
4996	3060.899414
4997	3063.355957
4998	3091.244141
4999	3089.02002
5000	3063.779053
5001	3088.561523
5002	3091.799072
5003	3093.814941
5004	3085.572998
5005	3092.749756
5006	3092.677002
5007	3093.182373
5008	3057.02002
5009	3894.80542
5010	3106.209473
5011	3334.313721
5012	3063.944092
5013	3088.438232
5014	3094.79541
5015	3090.163574
5016	3088.796387
5017	3043.016357
5018	3077.481689
5019	3094.15332
5020	3089.796387
5021	3060.436279
5022	3082.057861
5023	3061.36377
5024	3080.627197
5025	3090.428955
5026	3092.859375
5027	3114.567871
5028	3086.000977
5029	3086.105469
5030	3092.380127
5031	3061.126953
5032	3062.878174
5033	3088.181641
5034	3061.243896
5035	3059.942139
5036	3092.802002
5037	3059.162109
5038	3064.543213
5039	3057.412842
5040	3064.492432
5041	3091.047119
5042	3056.221436
5043	3062.005371
5044	3060.33374
5045	3061.085938
5046	3033.23291
5047	3085.247314
5048	3062.319092
5049	3090.613281
5050	3064.685303
5051	3089.686523
5052	3088.807373
5053	3029.824463
5054	3084.904785
5055	3061.51709
5056	3064.650146
5057	3089.194092
5058	3060.282715
5059	3062.478516
5060	3093.178467
5061	3056.871094
5062	3062.155029
5063	3065.577881
5064	3088.338135
5065	3061.072998
5066	3061.366699
5067	3059.80835
5068	3038.284668
5069	3083.977295
5070	3087.152344
5071	3061.444092
5072	3064.997803
5073	3057.886475
5074	3061.152588
5075	3065.630371
5076	3092.985107
5077	3056.925293
5078	3062.889648
5079	3087.932373
5080	3056.125
5081	3062.380615
5082	3089.064209
5083	3065.177002
5084	3089.85376
5085	3058.390381
5086	3061.150635
5087	3062.868652
5088	3056.140625
5089	3066.434814
5090	3081.504395
5091	3060.606201
5092	3060.905518
5093	3095.174072
5094	3088.162598
5095	3061.003662
5096	3068.950195
5097	3085.599854
5098	3060.261719
5099	3059.387695
5100	3060.523682
5101	3062.135986
5102	3089.852295
5103	3060.874756
5104	3061.09668
5105	3059.551514
5106	3094.043213
5107	3088.84375
5108	3060.186768
5109	3060.861084
5110	3094.584961
5111	3092.489502
5112	3088.966309
5113	3089.729248
5114	3064.718994
5115	3057.171875
5116	3061.12085
5117	3062.210693
5118	3028.875
5119	3056.578613
5120	3061.01123
5121	3088.172852
5122	3091.019287
5123	3061.015625
5124	3061.299072
5125	3096.549561
5126	3087.337646
5127	3090.134766
5128	3058.106445
5129	3059.387939
5130	3092.492432
5131	3061.465576
5132	3089.790771
5133	3061.208252
5134	3061.712891
5135	3056.723389
5136	3093.814453
5137	3063.581299
5138	3087.891602
5139	3088.79834
5140	3093.554688
5141	3090.586426
5142	3089.026123
5143	3098.011963
5144	3080.172852
5145	3061.432129
5146	3061.227051
5147	3061.129883
5148	3061.752686
5149	3064.432617
5150	3089.855469
5151	3088.781006
5152	3093.22998
5153	3060.509277
5154	3064.31665
5155	3086.74292
5156	3096.477295
5157	3088.113525
5158	3060.219482
5159	3060.736572
5160	3061.027588
5161	3060.666016
5162	3059.535645
5163	3061.178467
5164	3091.931152
5165	3060.51123
5166	3038.383545
5167	3081.949707
5168	3065.057861
5169	3057.415039
5170	3061.698242
5171	3061.129883
5172	3092.491455
5173	3061.162598
5174	3060.81958
5175	3060.669678
5176	3058.740234
5177	3056.676025
5178	3093.926514
5179	3061.725586
5180	3060.704346
5181	3060.456299
5182	3097.426514
5183	3057.232666
5184	3064.457764
5185	3088.229004
5186	3066.358398
5187	3053.005615
5188	3084.704346
5189	3064.331787
5190	3089.949707
5191	3056.982666
5192	3058.974854
5193	3060.875244
5194	3089.276611
5195	3061.309082
5196	3062.971191
5197	3089.568604
5198	3096.799561
5199	3057.188477
5200	3065.290527
5201	3092.869873
5202	3058.318359
5203	3088.345947
5204	3092.553467
5205	3061.479004
5206	3091.580322
5207	3060.704834
5208	3060.704834
5209	3064.056152
5210	3088.583984
5211	3089.38208
5212	3096.535889
5213	3087.606201
5214	3061.326416
5215	3091.209961
5216	3056.825439
5217	3065.889893
5218	3090.002686
5219	3093.936279
5220	3087.869629
5221	3089.875977
5222	3060.810303
5223	3061.692627
5224	3057.137207
5225	3094.751953
5226	3057.640625
5227	3090.56543
5228	3092.372314
5229	3063.071777
5230	3089.212646
5231	3060.656738
5232	3065.706543
5233	3063.760254
5234	3080.665283
5235	3092.64209
5236	3058.112549
5237	3060.569092
5238	3089.501221
5239	3060.552246
5240	3095.558105
5241	3058.705566
5242	3088.328369
5243	3098.384277
5244	3088.705811
5245	3092.591309
5246	3088.996338
5247	3092.460693
5248	3067.842041
5249	3085.37793
5250	3059.764893
5251	3061.028076
5252	3062.132813
5253	3088.536621
5254	3065.410156
5255	3089.174561
5256	3088.877441
5257	3093.270996
5258	3093.955078
5259	3093.206543
5260	3087.479736
5261	3093.068359
5262	3092.950439
5263	3057.139893
5264	3058.164551
5265	3064.327393
5266	3093.104736
5267	3088.808105
5268	3092.438477
5269	3092.120117
5270	3089.891113
5271	3094.077881
5272	3088.598389
5273	3093.601074
5274	3063.104492
5275	3090.597656
5276	3086.829102
5277	3089.192871
5278	3064.964844
5279	3085.875488
5280	3038.197998
5281	3076.849365
5282	3092.923096
5283	3064.327881
5284	3090.010254
5285	3091.806885
5286	3061.515137
5287	3092.506836
5288	3065.119385
5289	3088.231689
5290	3059.943848
5291	3096.213623
5292	3061.304443
5293	3057.005127
5294	3093.120605
5295	3061.182373
5296	3060.461182
5297	3061.005371
5298	3065.855225
5299	3091.185303
5300	3056.907227
5301	3065.991943
5302	3091.322998
5303	3061.472412
5304	3089.62793
5305	3059.196777
5306	3058.772461
5307	3097.357666
5308	3057.614014
5309	3064.379639
5310	3088.996094
5311	3063.53418
5312	3057.449219
5313	3092.580566
5314	3051.820801
5315	3061.892578
5316	3066.077393
5317	3084.681885
5318	3060.877441
5319	3061.463867
5320	3063.927734
5321	3056.052734
5322	3061.801025
5323	3066.156494
5324	3089.203125
5325	3093.392334
5326	3083.973389
5327	3093.236816
5328	3096.233398
5329	3055.25708
5330	3097.70459
5331	3060.86084
5332	3088.379883
5333	3096.370117
5334	3088.565186
5335	3094.880127
5336	3088.499023
5337	3063.089355
5338	3089.547119
5339	3090.775391
5340	3093.703857
5341	3089.522949
5342	3060.214111
5343	3088.98291
5344	3061.771973
5345	3061.68457
5346	3093.249023
5347	3061.820313
5348	3090.148438
5349	3094.244873
5350	3089.283203
5351	3057.587402
5352	3091.001221
5353	3058.753906
5354	3061.367188
5355	3092.838867
5356	3070.983643
5357	3084.473389
5358	3088.662109
5359	3060.979492
5360	3063.285156
5361	3088.45166
5362	3062.4021
5363	3088.7854
5364	3088.410889
5365	3092.769775
5366	3092.20459
5367	3061.435303
5368	3092.104736
5369	3094.526855
5370	3062.656982
5371	3087.816895
5372	3089.27417
5373	3092.430908
5374	3065.101318
5375	3092.475586
5376	3057.063721
5377	3092.683594
5378	3092.851318
5379	3066.232666
5380	3078.704834
5381	3062.69043
5382	3061.273193
5383	3088.609131
5384	3091.522461
5385	3066.518066
5386	3088.219971
5387	3092.954346
5388	3068.512451
5389	3080.381592
5390	3060.275391
5391	3097.625488
5392	3055.322754
5393	3060.522217
5394	3088.69458
5395	3092.219238
5396	3037.671631
5397	3084.68457
5398	3088.267578
5399	3060.64917
5400	3094.3125
5401	3093.581543
5402	3089.88916
5403	3061.073486
5404	3126.081543
5405	3090.374023
5406	3089.034668
5407	3091.623047
5408	3061.484131
5409	3058.831787
5410	3091.077637
5411	3059.504639
5412	3062.992188
5413	3087.728271
5414	3065.411133
5415	3089.134766
5416	3091.655029
5417	3063.457275
5418	3090.257813
5419	3087.810791
5420	3096.065674
5421	3092.996582
5422	3083.564453
5423	3061.59375
5424	3094.056885
5425	3090.893555
5426	3092.353027
5427	3093.095459
5428	3092.40918
5429	3060.785645
5430	3062.438721
5431	3060.848145
5432	3034.945313
5433	3051.994141
5434	3062.225098
5435	3056.493408
5436	3092.788086
5437	3064.530273
5438	3088.706055
5439	3091.787354
5440	3094.374268
5441	3088.363037
5442	3057.427246
5443	3091.499512
5444	3065.485596
5445	3089.13916
5446	3059.085693
5447	3061.488037
5448	3060.756836
5449	3092.033447
5450	3093.775146
5451	3088.396484
5452	3059.130127
5453	3089.832275
5454	3092.409912
5455	3060.782471
5456	3060.819824
5457	3061.145508
5458	3125.877197
5459	3064.707031
5460	3087.43042
5461	3061.529785
5462	3097.060059
5463	3087.059814
5464	3088.402832
5465	3093.414551
5466	3092.335205
5467	3089.879883
5468	3089.18457
5469	3068.765137
5470	3088.732178
5471	3093.148193
5472	3084.59375
5473	3092.651123
5474	3060.967041
5475	3090.264404
5476	3094.076172
5477	3057.31543
5478	3062.013428
5479	3092.907715
5480	3059.774902
5481	3060.210449
5482	3061.321289
5483	3096.046387
5484	3088.593018
5485	3061.470947
5486	3062.525879
5487	3090.534424
5488	3089.060059
5489	3092.563721
5490	3089.404053
5491	3092.912354
5492	3060.827881
5493	3060.530273
5494	3063.984131
5495	3091.20874
5496	3087.258057
5497	3093.823242
5498	3087.928955
5499	3060.52832
5500	3092.149658
5501	3061.45874
5502	3061
5503	3059.831543
5504	3092.791748
5505	3062.190186
5506	3089.4646
5507	3091.140137
5508	3057.718018
5509	3061.06665
5510	3061.093018
5511	3060.32666
5512	3092.916992
5513	3092.878662
5514	3092.929688
5515	3091.554443
5516	3085.092773
5517	3093.497803
5518	3093.098877
5519	3083.80957
5520	3094.903564
5521	3057.015137
5522	3058.713135
5523	3060.085449
5524	3060.909424
5525	3060.911865
5526	3061.20752
5527	3096.75293
5528	3056.991699
5529	3061.168701
5530	3060.682129
5531	3059.227295
5532	3064.857178
5533	3085.939941
5534	3060.006104
5535	3038.046387
5536	3053.75293
5537	3060.758789
5538	3060.526123
5539	3058.713867
5540	3092.957031
5541	3096.184814
5542	3084.266602
5543	3092.662109
5544	3062.098389
5545	3058.331055
5546	3084.107422
5547	3091.88623
5548	3058.414307
5549	3090.834961
5550	3088.585205
5551	3093.037109
5552	3092.9021
5553	3060.783936
5554	3091.084473
5555	3060.784668
5556	3093.949951
5557	3072.561035
5558	3074.817383
5559	3060.994385
5560	3065.84082
5561	3067.737549
5562	3080.599121
5563	3061.061768
5564	3061.135254
5565	3065.290039
5566	3061.428467
5567	3088.820557
5568	3095.003662
5569	3092.06543
5570	3057.653564
5571	3061.44873
5572	3091.76709
5573	3089.151611
5574	3063.619873
5575	3056.43335
5576	3093.010254
5577	3093.635254
5578	3088.855713
5579	3061.072754
5580	3097.004883
5581	3090.138428
5582	3087.807861
5583	3093.454834
5584	3059.92041
5585	3061.230469
5586	3062.262207
5587	3093.532715
5588	3087.579834
5589	3090.540039
5590	3061.405029
5591	3060.039551
5592	3061.531006
5593	3061.008057
5594	3091.352539
5595	3091.140381
5596	3064.944336
5597	3056.182861
5598	3062.474121
5599	3089.934082
5600	3093.361572
5601	3094.27124
5602	3060.977783
5603	3096.903076
5604	3091.233154
5605	3088.933105
5606	3092.313232
5607	3064.666992
5608	3093.008057
5609	3090.778809