1	3061.058105
2	3061.265381
3	3061.227539
4	3091.075439
5	3091.725586
6	3091.356689
7	3075.578125
8	3062.341553
9	3092.400391
10	3097.661621
11	3088.039307
12	3061.727051
13	3088.233398
14	3095.463379
15	3099.007568
16	3090.565674
17	3090.165039
18	3093.872314
19	3085.672363
20	3088.213379
21	3094.854248
22	3111.687256
23	3096.286133
24	3085.582031
25	3088.053467
26	3094.529541
27	3084.658936
28	3091.317383
29	3092.073486
30	3085.256104
31	3062.668457
32	3091.20752
33	3092.307861
34	3086.037842
35	3093.470947
36	3093.463623
37	3092.459717
38	3085.986572
39	3097.606445
40	3084.541992
41	3091.817627
42	3123.482178
43	3094.321777
44	3084.774902
45	3090.97583
46	3085.630859
47	3089.6604
48	3097.974121
49	3086.769775
50	3110.189453
51	3090.364502
52	3092.432861
53	3070.607666
54	3085.299316
55	3089.100586
56	3088.499268
57	3090.229248
58	3098.529053
59	3064.523193
60	3088.018799
61	3123.162354
62	3116.813232
63	3088.40918
64	3044.253662
65	3099.41748
66	3089.268555
67	3089.569092
68	3088.574463
69	3091.278564
70	3089.797119
71	3088.733887
72	3065.527344
73	3110.954834
74	3117.281982
75	3124.834717
76	3088.780762
77	3123.308594
78	3085.209229
79	3099.028076
80	3114.581299
81	3120.372559
82	3093.547119
83	3090.526611
84	3058.938721
85	3093.594238
86	3115.872314
87	3098.630371
88	3084.035156
89	3092.543945
90	3092.638916
91	3092.490967
92	3096.580322
93	3087.537354
94	3093.814941
95	3115.909668
96	3093.742432
97	3093.122314
98	3089.213623
99	3097.51001
100	3089.201172
101	3084.353027
102	3060.894287
103	3092.450928
104	3093.510742
105	3089.64502
106	3058.087402
107	3063.947266
108	3088.477295
109	3091.062012
110	3090.727295
111	3092.004883
112	3095.256592
113	3091.401367
114	3119.782959
115	3088.425781
116	3096.776367
117	3088.758545
118	3089.16333
119	3079.603271
120	3086.388428
121	3123.113281
122	3087.830811
123	3089.612305
124	3078.546387
125	3092.649658
126	3085.695557
127	3083.477783
128	3102.29248
129	3106.046143
130	3092.323242
131	3094.012939
132	3092.76416
133	3090.199951
134	3095.604004
135	3087.944824
136	3092.633057
137	3098.612793
138	3095.148438
139	3083.447998
140	3093.658691
141	3074.282471
142	3088.44165
143	3093.424072
144	3089.168945
145	3059.307617
146	3092.448975
147	3097.302979
148	3088.656006
149	3087.333984
150	3099.261719
151	3088.323975
152	3091.029785
153	3084.766113
154	3089.015625
155	3092.797852
156	3026.736084
157	3079.809082
158	3085.073486
159	3071.083496
160	3112.379395
161	3086.19751
162	3097.42334
163	3085.77002
164	3063.005371
165	3078.27832
166	3085.486572
167	3059.291016
168	3099.501953
169	3087.62085
170	3087.688965
171	3123.080566
172	3120.507324
173	3087.841797
174	3091.96582
175	3089.404785
176	3090.882813
177	3061.049561
178	3091.514893
179	3089.214111
180	3090.29248
181	3065.8479
182	3090.590088
183	3062.075928
184	3060.770996
185	3060.322021
186	3063.718018
187	3090.411377
188	3091.559326
189	3089.785645
190	3093.208252
191	3087.341064
192	3095.848877
193	3087.561768
194	3122.186768
195	3091.860352
196	3090.581055
197	3083.292236
198	3094.23584
199	3093.794189
200	3087.087158
201	3118.582275
202	3076.559082
203	3091.07666
204	3089.638672
205	3089.393555
206	3081.816406
207	3093.067139
208	3092.505127
209	3090.675781
210	3091.002686
211	3078.562256
212	3104.611328
213	3090.164307
214	3090.194824
215	3090.396973
216	3085.612061
217	3091.415771
218	3121.468018
219	3094.648682
220	3087.717285
221	3094.667236
222	3093.462158
223	3086.552002
224	3089.672607
225	3100.286133
226	3112.910156
227	3097.208496
228	3089.788574
229	3065.014404
230	3090.585938
231	3091.792969
232	3115.157227
233	3089.203857
234	3087.649658
235	3089.273926
236	3088.927734
237	3090.221436
238	3095.067383
239	3087.306396
240	3093.274902
241	3083.930664
242	3091.010498
243	3090.424316
244	3085.589844
245	3093.000244
246	3107.343994
247	3088.34082
248	3060.633057
249	3060.706787
250	3065.639893
251	3089.170898
252	3095.121826
253	3090.518799
254	3090.130859
255	3088.963623
256	3089.372803
257	3096.556396
258	3094.975098
259	3089.310547
260	3062.0271
261	3087.190918
262	3063.392578
263	3065.822754
264	3067.264404
265	3082.982178
266	3092.52832
267	3082.653564
268	3090.153076
269	3061.457764
270	3092.833252
271	3088.974609
272	3091.595215
273	3127.553711
274	3108.512939
275	3118.189941
276	3094.385742
277	3090.624756
278	3090.996094
279	3088.111328
280	3048.835205
281	3106.720215
282	3080.704834
283	3090.453125
284	3089.086914
285	3099.831055
286	3090.683838
287	3044.675293
288	3117.582764
289	3117.034912
290	3092.845703
291	3091.760742
292	3091.271973
293	3082.226563
294	3089.77832
295	3093.598389
296	3088.303223
297	3093.296875
298	3091.553955
299	3088.740967
300	3086.513672
301	3090.23877
302	3092.936523
303	3099.503662
304	3076.964355
305	3095.975586
306	3081.336182
307	3092.834961
308	3087.414063
309	3086.357178
310	3093.208008
311	3085.844971
312	3093.491455
313	3094.713867
314	3117.538818
315	3084.116699
316	3093.270752
317	3089.983398
318	3084.628174
319	3092.687744
320	3086.965332
321	3096.414795
322	3073.389893
323	3085.937012
324	3092.802979
325	3073.753174
326	3090.345947
327	3090.040527
328	3092.816406
329	3093.200928
330	3082.50293
331	3093.373047
332	3089.11377
333	3094.013184
334	3085.966797
335	3064.226807
336	3087.492432
337	3088.365723
338	3062.093994
339	3088.598145
340	3094.062744
341	3087.968994
342	3089.269775
343	3096.359619
344	3084.485596
345	3095.447754
346	3070.491699
347	3095.493896
348	3096.104492
349	3075.805176
350	3123.338135
351	3091.926758
352	3107.439209
353	3120.3125
354	3088.319336
355	3089.963135
356	3088.418701
357	3089.172607
358	3095.371826
359	3086.833984
360	3095.094482
361	3089.612793
362	3089.734863
363	3075.004639
364	3084.22876
365	3116.819336
366	3085.668213
367	3089.603516
368	3091.154541
369	3098.260498
370	3091.459961
371	3092.684326
372	3091.293213
373	3087.274414
374	3117.435059
375	3115.82959
376	3093.219971
377	3091.224609
378	3115.097656
379	3086.388428
380	3088.528076
381	3093.028809
382	3088.502197
383	3058.464355
384	3092.10498
385	3095.186523
386	3095.323242
387	3115.639404
388	3125.184814
389	3056.253906
390	3090.432373
391	3113.304688
392	3086.937012
393	3093.246094
394	3089.927979
395	3118.984375
396	3092.830322
397	3089.342041
398	3088.093994
399	3085.529541
400	3095.881104
401	3068.855225
402	3089.540283
403	3097.13208
404	3057.075195
405	3094.770508
406	3090.655518
407	3091.337891
408	3086.128906
409	3090.574707
410	3120.171143
411	3085.020508
412	3125.012939
413	3109.86499
414	3089.744385
415	3092.730225
416	3054.97168
417	3092.818115
418	3111.114014
419	3112.667725
420	3093.474854
421	3089.613281
422	3116.25293
423	3088.206299
424	3092.687256
425	3098.736328
426	3090.312012
427	3087.886963
428	3115.218994
429	3092.472656
430	3121.184814
431	3089.602539
432	3090.034912
433	3088.297852
434	3093.467529
435	3083.233887
436	3104.947754
437	3122.006104
438	3054.649414
439	3100.002441
440	3079.199951
441	3092.695068
442	3122.765137
443	3086.071533
444	3088.467285
445	3091.708496
446	3090.021484
447	3092.116211
448	3116.543945
449	3085.888672
450	3090.701904
451	3092.108887
452	3124.021484
453	3053.940186
454	3085.861816
455	3083.289795
456	3110.825439
457	3089.148438
458	3099.2771
459	3084.472412
460	3100.298584
461	3113.521973
462	3085.394043
463	3081.000977
464	3101.175049
465	3091.296631
466	3078.986084
467	3089.041016
468	3085.902344
469	3096.583984
470	3084.780029
471	3066.945557
472	3088.9021
473	3081.008057
474	3061.976074
475	3059.649658
476	3093.730713
477	3087.66626
478	3088.921143
479	3086.521484
480	3096.375977
481	3080.075439
482	3101.598633
483	3084.753174
484	3094.952393
485	3088.079102
486	3091.693359
487	3088.974365
488	3064.820557
489	3089.578857
490	3090.402832
491	3091.481934
492	3088.764648
493	3091.773438
494	3089.353027
495	3094.675049
496	3086.770508
497	3086.322266
498	3092.554688
499	3057.263916
500	3097.164551
501	3086.010254
502	3093.476807
503	3059.412598
504	3097.101318
505	3076.724854
506	3088.333496
507	3091.296875
508	3087.839355
509	3092.678955
510	3066.081299
511	3084.959961
512	3098.325195
513	3111.427246
514	3077.992188
515	3085.197998
516	3088.314453
517	3125.616699
518	3089.895996
519	3096.76001
520	3115.943115
521	3089.676758
522	3093.512939
523	3086.996094
524	3087.545166
525	3090.619629
526	3089.364014
527	3088.641357
528	3090.175537
529	3096.701904
530	3088.921631
531	3060.549316
532	3092.185547
533	3061.002441
534	3088.570068
535	3093.068115
536	3061.972168
537	3063.239746
538	3092.58252
539	3092.885986
540	3088.623535
541	3096.913818
542	3089.08374
543	3065.486084
544	3088.227783
545	3091.186523
546	3092.077637
547	3061.277832
548	3061.767334
549	3065.032227
550	3087.902344
551	3092.376709
552	3091.19751
553	3089.154053
554	3088.221191
555	3090.587891
556	3088.869629
557	3090.594727
558	3091.191406
559	3089.192383
560	3091.853027
561	3089.506836
562	3092.853271
563	3088.787598
564	3060.522705
565	3088.871338
566	3089.271484
567	3095.720215
568	3075.015869
569	3092.416748
570	3091.254639
571	3091.468018
572	3097.182617
573	3114.054443
574	3097.259277
575	3088.711182
576	3064.627197
577	3088.583008
578	3065.147705
579	3090.891357
580	3089.066895
581	3090.344238
582	3091.102539
583	3091.987305
584	3057.084717
585	3089.928955
586	3098.556152
587	3065.00293
588	3062.235107
589	3090.430908
590	3091.960205
591	3089.494629
592	3061.170898
593	3062.412842
594	3087.957031
595	3065.95459
596	3084.431641
597	3089.274658
598	3068.63623
599	3085.47998
600	3061.156006
601	3064.002441
602	3096.413818
603	3060.091797
604	3084.909912
605	3094.297363
606	3053.013916
607	3099.286133
608	3085.101807
609	3084.419434
610	3084.998291
611	3092.269775
612	3091.259521
613	3084.13623
614	3064.688965
615	3092.450684
616	3089.460938
617	3092.724609
618	3089.474854
619	3032.640381
620	3084.88501
621	3089.94751
622	3089.015869
623	3061.242676
624	3064.472168
625	3089.017822
626	3089.095215
627	3093.390625
628	3089.480225
629	3092.817627
630	3086.771484
631	3089.239258
632	3062.55835
633	3081.105713
634	3065.202393
635	3085.061035
636	3059.865479
637	3090.999756
638	3086.33667
639	3060.675781
640	3089.380127
641	3060.04541
642	3064.809326
643	3086.998047
644	3085.581299
645	3085.143555
646	3060.286865
647	3060.870361
648	3089.214844
649	3082.085205
650	3092.176758
651	3089.509277
652	3060.929932
653	3064.19873
654	3084.377197
655	3062.039307
656	3090.46582
657	3083.428955
658	3085.870361
659	3093.347412
660	3086.500732
661	3062.030762
662	3065.265869
663	3083.158691
664	3089.067139
665	3061.113281
666	3085.136475
667	3089.055176
668	3088.848633
669	3089.325439
670	3064.933594
671	3085.706055
672	3089.083252
673	3089.990967
674	3084.619629
675	3060.366943
676	3089.884766
677	3092.910156
678	3091.875488
679	3085.656738
680	3061.036621
681	3086.640625
682	3084.95752
683	3066.114502
684	3085.054932
685	3066.201416
686	3093.366455
687	3089.052734
688	3085.094238
689	3092.60498
690	3089.530518
691	3095.086914
692	3084.904297
693	3092.986572
694	3084.837158
695	3066.11084
696	3082.05127
697	3088.789795
698	3060.688965
699	3088.99707
700	3088.783447
701	3092.803711
702	3087.92334
703	3089.01123
704	3088.444824
705	3088.493408
706	3060.305176
707	3088.930176
708	3061.251953
709	3092.653564
710	3057.204834
711	3089.922363
712	3089.399414
713	3061.52832
714	3076.922607
715	3062.007324
716	3061.526611
717	3093.253418
718	3061.250732
719	3061.139893
720	3089.085938
721	3064.686035
722	3093.088623
723	3078.06665
724	3090.291016
725	3091.939941
726	3088.758301
727	3061.521729
728	3060.549316
729	3089.098633
730	3061.045898
731	3060.907227
732	3059.138672
733	3060.969482
734	3058.207764
735	3061.684326
736	3089.031738
737	3088.85376
738	3062.139893
739	3089.226074
740	3061.899902
741	3088.785645
742	3061.199951
743	3088.920654
744	3058.577148
745	3065.259033
746	3088.293457
747	3094.125732
748	3089.53833
749	3088.986572
750	3084.731689
751	3084.88501
752	3088.355469
753	3061.359375
754	3088.618408
755	3089.349121
756	3094.279785
757	3087.157227
758	3088.932373
759	3092.672607
760	3092.688965
761	3089.073975
762	3092.809082
763	3060.706543
764	3085.611084
765	3060.405518
766	3094.054688
767	3088.213867
768	3085.085449
769	3102.56
770	3094.054688
771	3088.213867
772	3123.54
773	3125.073
774	3128.701
775	3117.901
776	3130.34
777	3147.609
778	3135.913
779	3160.3
780	3180.235
781	3177.9
782	3957.852687
783	3731.87625
784	3104.227837
785	3704.716567
786	3747.60809
787	4154.567829
788	3712.662162
789	4320.226807
790	4043.306749
791	3725.342229
792	3695.998676
793	4089.333721
794	4135.157304
795	4414.013514
796	4236.468583
797	4432.12051
798	4084.754627
799	3785.761758
800	3581.859749
801	4235.265799
802	3542.172281
803	3958.221932
804	4358.737572
805	3556.729665
806	3799.309513
807	4292.206248
808	3859.138877
809	4124.836389
810	4330.60968
811	4211.722709
812	3986.527974
813	4474.719976
814	4337.107724
815	3971.833911
816	3864.644819
817	4208.889119
818	4349.844993
819	3506.347719
820	3772.432344
821	4457.609448
822	4136.279221
823	3604.460606
824	3617.369454
825	3898.923279
826	3589.799383
827	3651.284621
828	3750.191063
829	3601.818752
830	4173.116736
831	3732.943533
832	4349.01002
833	3695.136154
834	3813.57846
835	4479.459414
836	4410.245244
837	3992.681765
838	4439.740478
839	3999.901172
840	3721.960307
841	3532.870961
842	3739.856384
843	3974.305338
844	4096.461747
845	3600.124736
846	4182.116437
847	4138.132012
848	3664.405719
849	3727.277433
850	3620.009294
851	4328.509665
852	3905.630268
853	3861.693827
854	4279.063447
855	4342.212262
856	3648.220422
857	4186.168158
858	4385.116358
859	3831.910392
860	3564.466537
861	4002.314644
862	4952.598195
863	4458.845543
864	4579.015067
865	4350.807835
866	4372.856497
867	4537.248995
868	4957.721487
869	4171.88033
870	4834.124782
871	4148.722696
872	4647.818583
873	4161.423302
874	4620.390865
875	4759.384785
876	4841.865844
877	4052.733067
878	4522.729299
879	4181.475
880	4683.184423
881	4918.293716
882	4404.84325
883	4985.914367
884	4191.048551
885	4206.579962
886	4751.597788
887	4560.727307
888	4540.982568
889	4772.009043
890	4884.081529
891	4740.283245
892	4195.137165
893	4860.718874
894	4690.9904
895	4976.549988
896	4322.970112
897	4785.678657
898	4694.434135
899	4789.452964
900	4384.827579
901	4012.445331
902	4190.908308
903	4491.089793
904	4450.497305
905	4115.176651
906	4111.66247
907	4263.451342
908	4979.677341
909	4575.785215
910	4059.973162
911	4847.730343
912	4374.598992
913	4773.714345
914	5443.125404
915	4804.521946
916	4704.916548
917	5461.346962
918	4936.670298
919	4627.503865
920	4701.868812
921	5036.999098
922	4978.726607
923	5055.315971
924	5133.888702
925	5170.981729
926	5401.566387
927	5280.959943
928	4787.577561
929	4589.59774
930	4728.462368
931	4936.289483
932	4997.89859
933	5305.160357
934	4567.463251
935	4948.413571
936	5345.781903
937	4719.210087
938	4526.040113
939	5382.669212
940	4838.927756
941	4945.159399
942	4575.243929
943	5490.208715
944	5016.153454
945	4581.969512
946	4575.833605
947	4865.647055
948	5147.395292
949	4863.699007
950	4856.49084
951	5471.65346
952	4772.004139
953	5270.252554
954	4751.96609
955	4988.375239
956	5494.332708
957	4592.961057
958	4704.654294
959	4893.831743
960	5094.37627
961	4594.824359
962	5193.412924
963	4820.516383
964	5392.104861
965	4729.898149
966	5252.928343
967	4806.377989
968	5214.40109
969	5133.578708
970	5409.338639
971	5392.739208
972	4964.783713
973	5346.371112
974	5448.297202
975	4566.968954
976	5198.416152
977	4743.80062
978	4804.849228
979	4558.442161
980	5375.282542
981	5422.569903
982	4939.660285
983	4879.471506
984	5319.393801
985	4792.893761
986	4505.349065
987	4529.72582
988	4563.234666
989	5188.583454
990	4899.372
991	5322.786292
992	5204.617824
993	4545.221073
994	4737.707182
995	4699.89094
996	4604.627779
997	4697.419046
998	4693.701787
999	5332.387824
1000	5346.40433
1001	4759.724827
1002	5208.462138
1003	5496.674786
1004	5368.732384
1005	4747.8165
1006	5075.993296
1007	4826.900686
1008	4906.118162
1009	5194.537538
1010	5196.055227
1011	4637.278812
1012	5251.46097
1013	4799.678157
1014	4665.213874
1015	4547.726274
1016	4785.499167
1017	4660.036611
1018	5431.050609
1019	4841.716216
1020	5383.225683
1021	5003.470194
1022	5184.775078
1023	5205.151704
1024	4543.610822
1025	5428.145236
1026	5187.863746
1027	4825.603336
1028	4640.573525
1029	4568.117671
1030	5480.100512
1031	5484.361613
1032	5193.376818
1033	4958.234361
1034	4555.511021
1035	5261.547963
1036	4573.894504
1037	4690.816645
1038	4890.336209
1039	5441.083117
1040	4636.284009
1041	4504.205171
1042	5096.311602
1043	5608.07982
1044	5129.424967
1045	5729.831691
1046	5898.797809
1047	5833.653277
1048	5766.072194
1049	5026.033876
1050	5618.407166
1051	5481.398821
1052	5294.479201
1053	5852.041544
1054	5126.040667
1055	5714.201931
1056	5001.224858
1057	5309.022213
1058	5158.492295
1059	5241.373207
1060	5785.038674
1061	5970.951533
1062	5980.737901
1063	5984.656699
1064	5565.28963
1065	5276.787245
1066	5905.147171
1067	5269.524061
1068	5160.786813
1069	5036.710162
1070	5331.148784
1071	5732.801169
1072	5368.37556
1073	5349.396622
1074	5895.500167
1075	5841.179301
1076	5940.38097
1077	5420.000255
1078	5817.725687
1079	5752.919798
1080	5601.968846
1081	5600.25586
1082	5244.556285
1083	5608.571198
1084	5963.251688
1085	5499.061686
1086	5140.447938
1087	5768.077808
1088	5468.940304
1089	5690.413075
1090	5548.484787
1091	5537.505111
1092	5837.301821
1093	5667.978223
1094	5391.293397
1095	5513.464001
1096	5000.505887
1097	5818.77088
1098	5120.926055
1099	5203.349649
1100	5101.317451
1101	5389.692374
1102	5979.195724
1103	5977.505241
1104	5796.43393
1105	5278.868127
1106	5348.098231
1107	5433.346344
1108	5604.654624
1109	5220.77492
1110	5172.46445
1111	5501.099527
1112	5464.359566
1113	5911.454007
1114	5451.626337
1115	5026.604701
1116	5970.792532
1117	5492.620056
1118	5316.101398
1119	5965.03311
1120	5082.766527
1121	5774.806749
1122	5735.921045
1123	5938.688628
1124	5981.703717
1125	5443.683463
1126	5946.617471
1127	5793.46198
1128	5426.857321
1129	5336.93355
1130	5782.234435
1131	5890.514712
1132	5091.007446
1133	5725.711271
1134	5106.0154
1135	5861.702104
1136	5926.549574
1137	5620.158448
1138	5157.617756
1139	5522.798634
1140	5752.603374
1141	5933.788925
1142	5514.023742
1143	5884.498246
1144	5199.821513
1145	5915.080764
1146	5539.530403
1147	5808.735436
1148	5140.068276
1149	5484.28971
1150	5291.512432
1151	5824.69528
1152	5416.447392
1153	5771.327367
1154	5000.417482
1155	5161.680877
1156	5047.959051
1157	5878.40231
1158	5532.740515
1159	5871.474081
1160	5752.13224
1161	5893.471519
1162	5314.822302
1163	5377.191788
1164	5805.967867
1165	5257.620518
1166	5608.634684
1167	5992.433551
1168	5240.368334
1169	5390.57278
1170	5265.371118
1171	5918.008481
1172	5136.966665
1173	5887.514161
1174	5563.905645
1175	5072.046039
1176	5247.646867
1177	5119.966937
1178	5963.68188
1179	5470.913075
1180	5732.680698
1181	5536.933788
1182	5797.489468
1183	5950.236246
1184	5847.469933
1185	5718.505467
1186	5130.857614
1187	5323.788699
1188	5265.50371
1189	5328.163924
1190	5278.601326
1191	5987.722354
1192	5652.945761
1193	5409.504155
1194	5676.119689
1195	5359.349918
1196	5311.399525
1197	5502.633122
1198	5274.756605
1199	5844.113442
1200	5391.21009
1201	5118.729676
1202	5023.368463
1203	5815.544156
1204	5119.632759
1205	5056.076987
1206	5701.250815
1207	5051.648401
1208	5152.706125
1209	5981.741196
1210	5931.284626
1211	5360.011542
1212	5820.0798
1213	5019.417097
1214	5599.344959
1215	5919.761369
1216	5656.084664
1217	5587.686841
1218	5122.440881
1219	5827.022171
1220	6021.287098
1221	6255.949825
1222	6246.653761
1223	6344.83244
1224	5965.43961
1225	6097.678582
1226	6054.859618
1227	5768.214416
1228	5865.656513
1229	6303.103622
1230	5580.417203
1231	5572.230806
1232	5536.831325
1233	6112.198056
1234	5624.138255
1235	6199.413192
1236	6449.325398
1237	6499.119428
1238	6237.087737
1239	6087.909467
1240	5692.014755
1241	5878.707905
1242	6354.634295
1243	5997.246182
1244	6372.475059
1245	6001.826881
1246	5946.948486
1247	5543.321506
1248	6187.623142
1249	5618.220678
1250	5610.222406
1251	6437.035521
1252	5566.290665
1253	5847.47102
1254	6462.012013
1255	5955.967077
1256	5764.203528
1257	5798.52476
1258	6393.850519
1259	5692.121938
1260	6258.255522
1261	5607.568065
1262	6165.650892
1263	6268.047964
1264	5505.742785
1265	6269.095182
1266	6346.733578
1267	5968.438992
1268	6200.728854
1269	5879.471276
1270	5602.02664
1271	5786.726402
1272	6107.522269
1273	6278.12382
1274	5816.77247
1275	6466.622609
1276	6247.604637
1277	6339.259987
1278	5713.191201
1279	5599.25951
1280	5608.068356
1281	5794.850473
1282	5783.547532
1283	5940.962402
1284	5769.445705
1285	8489.449952
1286	7978.659256
1287	8002.201408
1288	8316.724009
1289	7582.669264
1290	8193.629902
1291	8170.832601
1292	7619.932314
1293	7601.27535
1294	7883.522475
1295	8006.615942
1296	8068.981457
1297	7928.033915
1298	7993.204457
1299	7917.025045
1300	7924.99268
1301	7866.026708
1302	7552.202808
1303	8297.274717
1304	8003.135169
1305	8495.359961
1306	7510.097391
1307	7888.573432
1308	8311.022489
1309	7576.18474
1310	7690.478847
1311	7688.707468
1312	8051.921805
1313	8022.477377
1314	8281.934077
1315	8462.763553
1316	7817.092589
1317	7835.41191
1318	8330.257463
1319	7845.285971
1320	7865.405161
1321	8248.529832
1322	7729.750305
1323	7958.456362
1324	7696.97144
1325	8190.481391
1326	7843.501848
1327	8129.767318
1328	8036.591554
1329	7896.111197
1330	8149.921694
1331	7618.69357
1332	8120.797257
1333	7712.249133
1334	8199.711717
1335	7575.93124
1336	8034.267412
1337	7793.016504
1338	8403.791598
1339	7808.364449
1340	8179.969077
1341	7977.935572
1342	8407.304505
1343	7527.393472
1344	7878.058585
1345	8086.892883
1346	7999.022476
1347	7694.329743
1348	7536.64871
1349	7572.707431
1350	8479.204423
1351	7787.858737
1352	8382.078508
1353	8391.676785
1354	8327.884271
1355	8427.481535
1356	8185.996324
1357	7597.058835
1358	8235.591051
1359	8397.589113
1360	8341.888759
1361	8189.920716
1362	7731.750801
1363	7905.416076
1364	8460.499348
1365	7692.887118
1366	7532.001268
1367	8399.924814
1368	8412.648574
1369	7699.341018
1370	7583.948478
1371	7590.027091
1372	8473.186933
1373	7624.926851
1374	8086.332973
1375	7987.492468
1376	8109.915402
1377	8457.355819
1378	7956.408697
1379	8051.332062
1380	7531.250547
1381	7817.363025
1382	7912.62106
1383	8221.174808
1384	7592.515546
1385	7723.264906
1386	8124.303303
1387	7821.804434
1388	8127.614379
1389	7614.805179
1390	7541.66156
1391	7888.471391
1392	7613.121681
1393	7938.091203
1394	7813.081855
1395	8268.549342
1396	8226.328469
1397	7821.554916
1398	7961.044072
1399	8138.628475
1400	8433.188418
1401	7519.726999
1402	8132.676919
1403	8165.551348
1404	8389.648706
1405	7631.544433
1406	8318.930754
1407	8293.400635
1408	8024.538377
1409	8099.398126
1410	8499.757857
1411	7865.767775
1412	8290.82743
1413	7576.257552
1414	7832.798362
1415	8465.295195
1416	8068.814199
1417	8146.167392
1418	8482.002681
1419	7810.606847
1420	7981.889466
1421	8200.685551
1422	8186.030159
1423	8305.462745
1424	7981.723147
1425	8269.903286
1426	7901.708441
1427	8134.521734
1428	7764.275421
1429	8305.404884
1430	8027.840952
1431	8342.375756
1432	8382.063598
1433	8244.348155
1434	7905.307586
1435	8037.279742
1436	8078.423058
1437	8022.376159
1438	8198.412435
1439	8433.493297
1440	8079.022051
1441	8316.172535
1442	7867.23323
1443	7911.632904
1444	8191.712568
1445	8229.406511
1446	7553.783595
1447	8357.529764
1448	8151.592933
1449	8386.794734
1450	8014.662566
1451	8017.665428
1452	8156.365687
1453	8446.156454
1454	7526.26297
1455	7754.189571
1456	8202.216453
1457	7747.832845
1458	7535.579106
1459	7707.572375
1460	7713.23215
1461	7807.154444
1462	8052.9333
1463	7635.186271
1464	7707.524534
1465	7717.520331
1466	8327.099828
1467	7780.39236
1468	7797.46413
1469	8353.684849
1470	7820.048607
1471	8206.494238
1472	8439.385503
1473	8098.371135
1474	7769.920018
1475	8250.191046
1476	7948.749022
1477	7673.945046
1478	7812.186418
1479	7893.954545
1480	8093.756485
1481	7855.486904
1482	8189.1018
1483	7536.357712
1484	8169.295744
1485	8414.208811
1486	8171.965779
1487	7904.620342
1488	8094.757522
1489	7783.619839
1490	8315.715926
1491	7867.902669
1492	7546.816651
1493	7933.574566
1494	7996.703507
1495	7568.001042
1496	7839.390575
1497	8285.550443
1498	7627.4868
1499	8072.065976
1500	8378.756076
1501	8362.019889
1502	8437.164135
1503	8220.035145
1504	7754.858373
1505	8347.799792
1506	8202.221463
1507	8369.539506
1508	7888.726492
1509	8250.146426
1510	7795.749733
1511	7802.991842
1512	7784.560436
1513	7904.072267
1514	8138.121132
1515	7780.631052
1516	7806.177678
1517	8152.922687
1518	8172.00101
1519	7889.368026
1520	8100.097362
1521	8412.731646
1522	8259.504251
1523	8190.44188
1524	7830.982425
1525	7720.927261
1526	8448.525814
1527	7900.538526
1528	8451.067199
1529	7599.171895
1530	8329.056708
1531	8493.377499
1532	7658.957323
1533	8387.845206
1534	7924.044416
1535	8079.469787
1536	7879.33698
1537	7617.040388
1538	8009.905843
1539	7698.808197
1540	7752.997167
1541	7560.177165
1542	8195.309497
1543	8186.300488
1544	8144.472677
1545	8439.719091
1546	8113.39186
1547	7797.084678
1548	8347.324579
1549	7974.164082
1550	8004.040282
1551	7990.047809
1552	7803.607157
1553	8232.667468
1554	7732.338653
1555	7805.61914
1556	7687.988154
1557	7657.63542
1558	8437.231959
1559	8373.41502
1560	8386.629255
1561	8443.419058
1562	7635.69497
1563	7916.040011
1564	7676.241442
1565	8144.548088
1566	8364.418075
1567	7562.453783
1568	8294.522068
1569	7792.505038
1570	8105.22137
1571	7543.830948
1572	7774.931377
1573	7602.784858
1574	7897.017273
1575	8063.463985
1576	8440.618474
1577	8498.29375
1578	8364.850013
1579	7530.260132
1580	8008.789938
1581	7733.644957
1582	7568.464292
1583	7631.500993
1584	8288.101138
1585	8397.502588
1586	7811.847921
1587	8328.27907
1588	8022.355756
1589	8177.938887
1590	8094.782692
1591	7547.047269
1592	7826.180057
1593	8025.87824
1594	8184.811483
1595	7651.553419
1596	8390.311109
1597	7833.077115
1598	8417.733228
1599	7872.675916
1600	7907.956459
1601	8035.177863
1602	8117.88189
1603	7867.043705
1604	8417.805453
1605	8483.371824
1606	7991.833672
1607	8204.294831
1608	8082.091922
1609	8488.881757
1610	7533.907234
1611	8192.720668
1612	8332.230515
1613	7776.264548
1614	7584.141194
1615	7669.335335
1616	8489.309673
1617	8051.794634
1618	7992.492337
1619	7749.382711
1620	7760.381657
1621	7904.548974
1622	7839.722588
1623	8137.316555
1624	7906.054666
1625	7903.103161
1626	8249.820112
1627	7832.134783
1628	8259.161509
1629	7750.003146
1630	7630.309905
1631	7547.289087
1632	7697.790483
1633	7799.492125
1634	8483.547829
1635	8476.208062
1636	7688.714596
1637	7690.894254
1638	8323.684593
1639	8151.269477
1640	8455.145854
1641	7521.739951
1642	8374.049463
1643	7549.249899
1644	8001.020443
1645	8449.267734
1646	8244.509824
1647	8065.706736
1648	8062.586452
1649	7997.85247
1650	7980.992453
1651	7628.168846
1652	7681.72081
1653	7662.873373
1654	7917.864463
1655	7796.990283
1656	7859.346326
1657	8142.920542
1658	7946.298589
1659	7648.136561
1660	8424.189671
1661	8433.671275
1662	7590.174543
1663	7576.96201
1664	7882.623408
1665	7590.974291
1666	7877.584698
1667	8389.141528
1668	8014.288936
1669	7987.592186
1670	7930.670497
1671	8400.712441
1672	8166.850005
1673	8075.948881
1674	7515.395921
1675	8266.576844
1676	8048.828837
1677	7563.786422
1678	7903.367896
1679	8209.383293
1680	8142.09627
1681	8245.839149
1682	7775.047624
1683	7617.69471
1684	7512.600311
1685	7504.277906
1686	8291.757254
1687	7816.056451
1688	8016.143918
1689	7850.761946
1690	8486.51695
1691	7727.981786
1692	8395.374286
1693	8355.645961
1694	8419.105374
1695	8008.866687
1696	8453.044504
1697	7596.553015
1698	7609.672619
1699	8364.792319
1700	8252.53194
1701	8342.777141
1702	7926.312254
1703	7538.903653
1704	8154.119627
1705	7943.302343
1706	8496.988776
1707	7670.687326
1708	8352.754097
1709	8411.371582
1710	8199.047135
1711	8327.304219
1712	7884.71088
1713	7904.644413
1714	7769.495449
1715	8462.905953
1716	8219.034438
1717	7635.477359
1718	8375.342667
1719	8413.943706
1720	7621.985368
1721	8121.762515
1722	8147.846202
1723	7809.576157
1724	8204.13136
1725	8406.134007
1726	7576.143959
1727	8479.582763
1728	8480.185446
1729	8351.748844
1730	7960.583394
1731	7559.431381
1732	8435.250351
1733	8326.321644
1734	8007.502124
1735	7834.146792
1736	8459.420706
1737	8290.75265
1738	8088.210209
1739	8095.493703
1740	7938.835527
1741	8216.400608
1742	7780.767531
1743	8399.895698
1744	7692.513683
1745	7927.129583
1746	7650.339211
1747	8363.365157
1748	8437.707262
1749	7654.204272
1750	7961.279573
1751	8312.901144
1752	8204.760465
1753	8359.579733
1754	8470.548146
1755	8284.138824
1756	8238.630755
1757	7764.898181
1758	7621.688103
1759	7994.356727
1760	7660.221949
1761	8152.959905
1762	8254.364649
1763	7568.947052
1764	7982.223185
1765	8236.400424
1766	7879.725099
1767	7798.52827
1768	7594.865928
1769	8423.724158
1770	7528.328977
1771	8446.701649
1772	8213.431944
1773	7844.634201
1774	7623.677166
1775	7797.699548
1776	7507.786188
1777	7655.584332
1778	8316.448672
1779	8006.391574
1780	7767.857873
1781	8488.180371
1782	8223.044871
1783	8244.80816
1784	8121.659999
1785	7941.871953
1786	7628.840544
1787	7710.651777
1788	7696.467016
1789	8318.103062
1790	7510.252164
1791	7535.429656
1792	8485.026858
1793	8445.859572
1794	8178.067286
1795	7792.348441
1796	7626.615551
1797	8024.814095
1798	8082.854894
1799	8101.499157
1800	7657.9398
1801	7882.456356
1802	8064.130342
1803	7679.340834
1804	7667.282752
1805	7728.667095
1806	8417.959
1807	7988.703709
1808	8207.650121
1809	7963.558099
1810	8036.474411
1811	7927.923845
1812	7961.565804
1813	7514.289759
1814	8040.600295
1815	7933.244207
1816	7704.722076
1817	7898.060066
1818	8488.291942
1819	8436.997083
1820	8198.610504
1821	8452.382147
1822	7804.682504
1823	8362.404386
1824	7648.881012
1825	8094.354484
1826	7786.913228
1827	7525.162345
1828	8495.328935
1829	8278.838735
1830	8379.792099
1831	7596.680578
1832	8043.253891
1833	7831.999665
1834	7758.714882
1835	8463.53021
1836	8056.544879
1837	8060.832598
1838	8178.367988
1839	7666.504938
1840	7779.192076
1841	8266.212604
1842	7795.742028
1843	8109.600554
1844	8485.663322
1845	8412.950644
1846	7932.523345
1847	8407.511772
1848	7866.152379
1849	7594.214312
1850	8481.207987
1851	8011.983808
1852	8108.218377
1853	8003.569611
1854	7956.816768
1855	8242.546008
1856	7983.808994
1857	7944.65156
1858	7837.465363
1859	8376.161308
1860	7603.55132
1861	8093.759339
1862	7762.805909
1863	8124.458517
1864	7905.7153
1865	7682.424102
1866	8133.64936
1867	7939.47853
1868	7770.764002
1869	8118.881702
1870	8093.946311
1871	8205.626249
1872	7883.093699
1873	8148.810143
1874	8044.39254
1875	8445.300746
1876	8060.625447
1877	7987.406318
1878	8137.696934
1879	8214.062728
1880	8145.484436
1881	7949.483455
1882	8198.350516
1883	8176.109872
1884	7544.958392
1885	8256.231131
1886	8134.930291
1887	7647.168824
1888	7934.810205
1889	8445.520171
1890	7870.876147
1891	7608.288532
1892	8231.014877
1893	8387.211195
1894	8155.804646
1895	8326.096276
1896	8200.705368
1897	8413.471432
1898	7837.881608
1899	8377.001508
1900	8458.086653
1901	8007.886242
1902	8002.653668
1903	7563.348703
1904	7958.082624
1905	7888.525447
1906	8468.712369
1907	7581.282076
1908	7788.414818
1909	7721.72802
1910	8109.3728
1911	7805.114541
1912	7596.639839
1913	8170.453387
1914	7778.383132
1915	8481.884241
1916	8210.966933
1917	8443.897161
1918	7685.872093
1919	7584.927951
1920	7762.955163
1921	8244.299055
1922	7615.390357
1923	7556.420262
1924	8082.46493
1925	8096.646648
1926	7641.336914
1927	7601.715569
1928	8201.232109
1929	8352.838934
1930	7644.768346
1931	8432.199389
1932	7875.528722
1933	8482.096965
1934	8034.718611
1935	8183.392558
1936	7866.631002
1937	8419.352816
1938	8381.213719
1939	7866.477834
1940	8084.309964
1941	7682.774773
1942	7811.795183
1943	8258.182273
1944	8474.799588
1945	7514.707502
1946	8015.040475
1947	7722.199166
1948	8194.845164
1949	8435.425961
1950	8097.165558
1951	8471.814606
1952	7816.393282
1953	8242.896885
1954	7660.890135
1955	7632.571708
1956	7572.388173
1957	7965.87079
1958	7689.716727
1959	8463.89478
1960	8352.643519
1961	8158.116775
1962	8376.869285
1963	8476.580226
1964	8217.003509
1965	7798.216557
1966	7662.683563
1967	8359.781703
1968	8370.982727
1969	7918.736198
1970	8136.227491
1971	8200.120815
1972	7835.4368
1973	7968.193466
1974	7792.017907
1975	8344.502405
1976	7526.264603
1977	7649.10343
1978	7688.441419
1979	7718.480582
1980	7904.612721
1981	8476.828221
1982	7619.936601
1983	8003.837765
1984	8239.105379
1985	7804.452718
1986	7667.859831
1987	7908.128185
1988	7546.808814
1989	7639.250851
1990	8385.719385
1991	8057.106402
1992	7728.84066
1993	7964.597615
1994	8409.306139
1995	7898.759835
1996	7691.134269
1997	7857.299443
1998	7744.035939
1999	8088.315
2000	8486.134382
2001	7672.967058
2002	7974.464503
2003	7981.223626
2004	7540.905632
2005	7854.408253
2006	7906.028481
2007	7940.553079
2008	8155.442337
2009	8378.188257
2010	8167.092374
2011	8135.311397
2012	8065.185243
2013	7711.328749
2014	7939.592612
2015	7945.54908
2016	8314.463742
2017	7576.647233
2018	7820.827908
2019	8066.121202
2020	8168.255084
2021	7728.397742
2022	8486.264248
2023	8438.869944
2024	8046.411365
2025	7967.945893
2026	7846.762166
2027	7793.258419
2028	7751.256147
2029	7746.761305
2030	8405.136147
2031	7745.132689
2032	7746.620641
2033	7839.364206
2034	7637.172067
2035	7685.896983
2036	8194.84749
2037	8353.766716
2038	8486.737307
2039	7562.210603
2040	7714.18046
2041	8323.806458
2042	7856.231321
2043	8160.521732
2044	7525.897775
2045	7849.139581
2046	8356.265113
2047	8253.349002
2048	8211.908112
2049	8113.190652
2050	8073.753174
2051	8229.533219
2052	7729.050123
2053	7823.700394
2054	8256.506077
2055	8491.576678
2056	7735.67901
2057	7987.672281
2058	7914.611044
2059	7813.800766
2060	7605.314177
2061	8264.047884
2062	7662.985858
2063	8272.220286
2064	7916.658077
2065	7990.141109
2066	7923.632017
2067	8390.291608
2068	8363.1791
2069	8144.086747
2070	8110.469756
2071	8349.505535
2072	8208.987048
2073	7591.829125
2074	7770.714855
2075	7513.181346
2076	8392.09526
2077	7805.860117
2078	7963.810853
2079	7885.377994
2080	8493.241645
2081	7519.038837
2082	8111.471101
2083	7509.476945
2084	7732.763937
2085	8165.103931
2086	7869.865127
2087	8038.996744
2088	8016.404838
2089	7948.180946
2090	8423.23533
2091	8399.409564
2092	8222.239678
2093	7903.951606
2094	8090.971542
2095	7932.695826
2096	8000.043197
2097	8102.548283
2098	8139.354236
2099	8057.627433
2100	7540.946172
2101	8392.32821
2102	8464.59412
2103	8121.800514
2104	8279.828899
2105	8367.908905
2106	7633.928182
2107	7810.11337
2108	7803.993766
2109	7515.856201
2110	8055.948488
2111	8388.037401
2112	7675.363765
2113	8125.169512
2114	7503.893976
2115	7765.094858
2116	8268.568741
2117	8180.864537
2118	7672.554269
2119	7697.346745
2120	7763.34106
2121	7505.121133
2122	7825.883979
2123	8494.450545
2124	8200.005101
2125	8034.016714
2126	8320.784689
2127	7809.827492
2128	7507.272216
2129	7601.71133
2130	7796.097541
2131	7527.730288
2132	7503.19513
2133	7741.263099
2134	8246.443445
2135	7542.368201
2136	7811.740315
2137	7612.883577
2138	7871.383685
2139	8200.162987
2140	8461.789499
2141	7965.744379
2142	7678.945135
2143	7823.092702
2144	8490.643017
2145	7631.880241
2146	8131.798875
2147	8173.874389
2148	8271.955093
2149	7716.648209
2150	8426.352304
2151	7692.839742
2152	8272.251136
2153	7795.194662
2154	7698.32244
2155	8184.675574
2156	7623.631163
2157	7634.871397
2158	7816.974685
2159	7775.777215
2160	7890.717193
2161	7815.468119
2162	8264.960536
2163	7779.859532
2164	7935.525775
2165	8421.350831
2166	8142.046443
2167	8042.63494
2168	7956.614514
2169	7562.290379
2170	8465.468786
2171	7889.637134
2172	7786.727494
2173	8213.468457
2174	7617.852399
2175	7935.694112
2176	7713.131143
2177	8353.454003
2178	7988.476078
2179	7578.379905
2180	8181.500399
2181	7650.06963
2182	7560.544634
2183	8472.03736
2184	7871.469199
2185	8418.832288
2186	7668.025308
2187	7681.250963
2188	8132.125844
2189	7675.156092
2190	8082.056798
2191	8136.184147
2192	7799.608055
2193	8180.347268
2194	8261.222991
2195	7741.735052
2196	8038.496408
2197	8025.453481
2198	8367.430357
2199	8215.902147
2200	7848.2637
2201	7637.180954
2202	8377.938906
2203	8299.019047
2204	8415.711292
2205	7796.58399
2206	8210.13212
2207	8129.025854
2208	8191.462342
2209	8187.962715
2210	8083.380447
2211	8082.371527
2212	8341.780902
2213	7736.565892
2214	7976.849732
2215	8466.478073
2216	7743.17225
2217	7869.332735
2218	7784.455739
2219	8299.643285
2220	8393.023916
2221	8494.313005
2222	7899.896966
2223	7584.304083
2224	8141.478216
2225	8223.915267
2226	8247.905155
2227	7717.229703
2228	7650.878359
2229	7634.114563
2230	8292.778596
2231	7511.487788
2232	7632.775589
2233	8069.507187
2234	7540.578668
2235	8311.185371
2236	8395.431368
2237	7705.383025
2238	8056.324452
2239	8067.887239
2240	8270.57683
2241	7818.083051
2242	8491.665968
2243	8447.506666
2244	7724.516616
2245	8056.34416
2246	8037.221426
2247	7543.913055
2248	8334.392739
2249	8025.30899
2250	8064.86761
2251	7933.689772
2252	8343.671236
2253	7997.183443
2254	7791.883155
2255	8337.42417
2256	8417.552009
2257	8151.450505
2258	7985.507906
2259	7748.877906
2260	8032.030818
2261	8177.57075
2262	8297.777188
2263	8259.095512
2264	8179.428686
2265	7973.694528
2266	8380.50345
2267	8309.098815
2268	8429.833181
2269	8292.599631
2270	7916.638125
2271	8050.184373
2272	8007.325533
2273	8087.456097
2274	7787.639511
2275	7879.042286
2276	7934.308012
2277	7839.845179
2278	8406.937013
2279	7524.023075
2280	7631.194768
2281	8105.942641
2282	8498.07517
2283	8356.503082
2284	7746.534565
2285	7534.522662
2286	8258.548998
2287	7546.788735
2288	8480.540171
2289	8284.174343
2290	7650.134858
2291	8116.974373
2292	8389.781441
2293	8307.143551
2294	7798.788366
2295	8157.064974
2296	8024.267786
2297	7743.115606
2298	8361.0763
2299	8286.364911
2300	7745.012011
2301	7726.846483
2302	7911.29326
2303	8468.245691
2304	8029.682629
2305	7871.46085
2306	7633.777733
2307	8461.049135
2308	8138.656669
2309	7985.896416
2310	7569.667385
2311	7587.357175
2312	8295.012925
2313	7639.318526
2314	7691.776931
2315	8463.441523
2316	7943.764597
2317	8453.510912
2318	7947.144141
2319	8455.778479
2320	8226.034876
2321	8078.42624
2322	7889.945768
2323	7788.165704
2324	8315.649404
2325	7521.206004
2326	7763.925478
2327	7644.307284
2328	7798.440922
2329	7945.707196
2330	7821.315658
2331	7791.710642
2332	8161.600579
2333	7928.005703
2334	8116.94538
2335	7799.35339
2336	7986.238088
2337	8057.71356
2338	8214.440748
2339	8374.005908
2340	7517.605866
2341	7621.115312
2342	7807.047004
2343	8019.953238
2344	7853.383172
2345	8297.2794
2346	8324.246407
2347	7926.991294
2348	8030.715528
2349	8367.49144
2350	7864.53618
2351	8425.995981
2352	8423.031259
2353	7508.935767
2354	7969.096062
2355	8022.962515
2356	8409.996836
2357	7660.699178
2358	8126.543961
2359	7655.775423
2360	8164.712235
2361	8109.07545
2362	7740.356774
2363	8019.466218
2364	7993.315066
2365	7746.242238
2366	7577.078297
2367	8456.458812
2368	7753.608076
2369	8223.551051
2370	8326.87918
2371	8292.927094
2372	7562.291424
2373	8347.875157
2374	8142.096524
2375	8330.382405
2376	8435.763541
2377	8181.373046
2378	7880.938426
2379	7626.427271
2380	7581.430434
2381	8378.595763
2382	7944.766867
2383	8262.155606
2384	7516.92949
2385	8441.242973
2386	7868.525139
2387	8429.675143
2388	8394.867664
2389	8426.010646
2390	8198.968237
2391	7555.715484
2392	8354.504327
2393	8248.121471
2394	8123.062363
2395	7994.736687
2396	7793.194711
2397	7784.697133
2398	7684.712499
2399	7504.321868
2400	7705.789559
2401	7750.023664
2402	8494.046274
2403	8375.992611
2404	7621.115842
2405	8363.985389
2406	8076.245869
2407	7816.305973
2408	8216.414564
2409	7880.225262
2410	7916.384445
2411	8326.048158
2412	8079.152285
2413	8398.64165
2414	8362.995377
2415	8172.924042
2416	7865.379102
2417	8209.230904
2418	8438.447636
2419	8476.339064
2420	7989.570019
2421	8295.937071
2422	8268.88213
2423	7995.676144
2424	7917.803836
2425	8160.264688
2426	8069.217971
2427	8240.985215
2428	7713.258516
2429	7948.738876
2430	8325.625272
2431	7634.940615
2432	7992.983651
2433	7977.545012
2434	8388.763868
2435	8492.64838
2436	7822.602457
2437	7640.022323
2438	8176.811974
2439	8119.061825
2440	8418.394608
2441	7730.409157
2442	8262.341792
2443	8434.066374
2444	7998.626944
2445	8362.41437
2446	7616.608741
2447	8002.171496
2448	7810.799416
2449	8322.916267
2450	7565.144278
2451	7523.426727
2452	7616.072884
2453	8414.530759
2454	7576.534449
2455	7911.68023
2456	7669.968756
2457	8073.436739
2458	8253.821531
2459	8187.100898
2460	7572.759139
2461	8395.87995
2462	8043.079295
2463	8494.839897
2464	7858.343679
2465	7788.340465
2466	8439.873092
2467	8386.314334
2468	8180.804113
2469	8159.271987
2470	8370.106436
2471	8357.28644
2472	7753.920757
2473	7867.25994
2474	8432.606612
2475	7666.839826
2476	7737.43597
2477	8418.170352
2478	8351.138506
2479	7952.1308
2480	7831.634979
2481	8064.523708
2482	7770.360996
2483	8050.491513
2484	7921.030986
2485	7783.374395
2486	7674.010894
2487	7758.081445
2488	7913.904946
2489	8355.209941
2490	7569.431965
2491	8321.098723
2492	8100.632295
2493	7805.85799
2494	7865.587665
2495	7713.876903
2496	8362.429446
2497	7771.467662
2498	7577.831727
2499	7620.747039
2500	8445.267258
2501	7533.312112
2502	7596.797871
2503	8154.116682
2504	8032.267893
2505	7963.820898
2506	7594.114347
2507	8134.341337
2508	7545.669903
2509	8179.399927
2510	8480.860342
2511	8190.018195
2512	8247.57314
2513	8371.540554
2514	7744.494508
2515	8429.488905
2516	7627.103015
2517	8255.643473
2518	8284.075351
2519	7767.09635
2520	8074.731055
2521	7542.516122
2522	8016.987466
2523	8339.646403
2524	7596.781749
2525	8153.879976
2526	7752.088633
2527	7855.431926
2528	7696.796695
2529	8183.019297
2530	7878.39893
2531	7665.593329
2532	7501.484011
2533	7909.602743
2534	7851.472565
2535	8412.248043
2536	7637.556831
2537	7666.635142
2538	7789.257445
2539	8387.803005
2540	7995.466494
2541	7535.589817
2542	7554.312033
2543	7715.229109
2544	7708.45251
2545	7530.212011
2546	7778.747514
2547	7573.205873
2548	7885.0374
2549	7717.752956
2550	8234.857513
2551	8201.265216
2552	8410.941825
2553	8164.116953
2554	7829.983407
2555	7592.718925
2556	7726.149499
2557	8114.371099
2558	7888.695397
2559	7650.666082
2560	8365.305531
2561	8441.8934
2562	8243.222018
2563	8300.807219
2564	8071.510246
2565	7859.050894
2566	8092.555405
2567	7771.644052
2568	7687.771435
2569	7664.645405
2570	7786.430465
2571	8148.520018
2572	7760.80147
2573	7528.945975
2574	8053.496207
2575	8222.505747
2576	8394.685191
2577	7848.44346
2578	7630.791449
2579	8479.79645
2580	8286.422779
2581	8193.329995
2582	8296.392066
2583	8023.78792
2584	7922.335716
2585	8349.944306
2586	7844.926242
2587	8322.214856
2588	7986.027795
2589	8108.107229
2590	7857.820387
2591	8280.640179
2592	7727.181239
2593	8142.153343
2594	7705.665763
2595	8474.672541
2596	7582.403377
2597	8478.402663
2598	7994.004119
2599	7777.603853
2600	7777.266649
2601	7811.322093
2602	7845.47237
2603	7806.606921
2604	7867.369522
2605	7878.464155
2606	7689.963864
2607	7771.716531
2608	7686.968539
2609	8451.149022
2610	7919.852121
2611	7506.67304
2612	7575.725502
2613	8289.667235
2614	7750.285852
2615	7874.197343
2616	7574.482057
2617	7672.183295
2618	8201.577607
2619	7801.017269
2620	7676.338786
2621	8207.598597
2622	7979.214889
2623	8470.540215
2624	8336.961002
2625	8241.800765
2626	8436.427881
2627	7827.148377
2628	7543.487767
2629	8053.844256
2630	7791.172728
2631	8247.26074
2632	7922.944592
2633	7511.700932
2634	7830.755859
2635	8145.991446
2636	8042.489732
2637	8070.074016
2638	8403.316105
2639	8207.11518
2640	7574.239593
2641	8027.718439
2642	8484.323791
2643	8434.020024
2644	7979.423772
2645	8422.455049
2646	8297.49954
2647	8422.600322
2648	8209.954474
2649	8029.989084
2650	7628.125715
2651	8188.042094
2652	8093.823012
2653	7844.624832
2654	8329.459142
2655	8237.003121
2656	7671.121412
2657	8469.671931
2658	8091.591511
2659	8450.083363
2660	7764.205977
2661	8230.692638
2662	8474.497817
2663	8201.654323
2664	7746.043071
2665	8144.14896
2666	8097.422125
2667	7519.218215
2668	7706.145345
2669	7915.875754
2670	7688.228252
2671	7563.155518
2672	8274.048304
2673	7884.219288
2674	7667.406315
2675	8300.972308
2676	7547.955349
2677	8096.980315
2678	7606.704873
2679	7659.832713
2680	7982.988615
2681	7700.900703
2682	7888.155372
2683	7851.858168
2684	8497.345749
2685	8113.455796
2686	8325.011489
2687	8120.687967
2688	8255.448436
2689	7895.557159
2690	7854.120896
2691	7880.068187
2692	7637.268205
2693	7977.928501
2694	7568.745597
2695	8034.278113
2696	7646.88681
2697	7603.598665
2698	7868.329937
2699	7649.731507
2700	7562.662555
2701	7540.608602
2702	7639.799224
2703	7868.111718
2704	7722.635202
2705	7701.021659
2706	8421.191341
2707	7839.71763
2708	7750.965034
2709	7987.313424
2710	7979.990239
2711	8177.160968
2712	7830.830469
2713	7831.366166
2714	7920.857825
2715	8025.124418
2716	8401.695366
2717	8225.995269
2718	7802.777712
2719	7502.357984
2720	8053.815464
2721	7908.554964
2722	8398.014184
2723	8068.795342
2724	8014.302181
